    4.000      386
    4.015      378
    4.030      395
    4.045      388
    4.060      352
    4.075      392
    4.090      364
    4.105      361
    4.120      372
    4.135      367
    4.150      370
    4.165      364
    4.180      369
    4.195      368
    4.210      378
    4.225      377
    4.240      368
    4.255      364
    4.270      361
    4.285      392
    4.300      362
    4.315      385
    4.330      387
    4.345      376
    4.360      361
    4.375      387
    4.390      379
    4.405      395
    4.420      405
    4.435      399
    4.450      417
    4.465      412
    4.480      424
    4.495      428
    4.510      442
    4.525      462
    4.540      432
    4.555      474
    4.570      484
    4.585      488
    4.600      501
    4.615      532
    4.630      545
    4.645      571
    4.660      552
    4.675      565
    4.690      618
    4.705      612
    4.720      614
    4.735      648
    4.750      686
    4.765      736
    4.780      749
    4.795      768
    4.810      796
    4.825      852
    4.840      894
    4.855      975
    4.870     1061
    4.885     1134
    4.900     1168
    4.915     1246
    4.930     1378
    4.945     1454
    4.960     1556
    4.975     1676
    4.990     1803
    5.005     1999
    5.020     2224
    5.035     2634
    5.050     3014
    5.065     3629
    5.080     4670
    5.095     5602
    5.110     5289
    5.125     3665
    5.140     2079
    5.155     1009
    5.170      633
    5.185      477
    5.200      465
    5.215      443
    5.230      432
    5.245      389
    5.260      395
    5.275      388
    5.290      422
    5.305      375
    5.320      374
    5.335      402
    5.350      408
    5.365      399
    5.380      423
    5.395      369
    5.410      397
    5.425      398
    5.440      381
    5.455      383
    5.470      371
    5.485      355
    5.500      360
    5.515      385
    5.530      353
    5.545      371
    5.560      369
    5.575      377
    5.590      379
    5.605      368
    5.620      393
    5.635      401
    5.650      398
    5.665      367
    5.680      372
    5.695      405
    5.710      380
    5.725      366
    5.740      383
    5.755      374
    5.770      396
    5.785      431
    5.800      396
    5.815      380
    5.830      366
    5.845      382
    5.860      366
    5.875      358
    5.890      369
    5.905      383
    5.920      377
    5.935      390
    5.950      402
    5.965      386
    5.980      403
    5.995      359
    6.010      413
    6.025      410
    6.040      395
    6.055      401
    6.070      424
    6.085      431
    6.100      404
    6.115      403
    6.130      398
    6.145      416
    6.160      436
    6.175      466
    6.190      470
    6.205      481
    6.220      492
    6.235      596
    6.250      615
    6.265      633
    6.280      544
    6.295      454
    6.310      392
    6.325      392
    6.340      375
    6.355      380
    6.370      405
    6.385      384
    6.400      382
    6.415      368
    6.430      371
    6.445      354
    6.460      358
    6.475      354
    6.490      355
    6.505      405
    6.520      361
    6.535      343
    6.550      354
    6.565      373
    6.580      370
    6.595      381
    6.610      378
    6.625      371
    6.640      334
    6.655      328
    6.670      346
    6.685      360
    6.700      365
    6.715      375
    6.730      366
    6.745      348
    6.760      396
    6.775      361
    6.790      374
    6.805      372
    6.820      352
    6.835      365
    6.850      375
    6.865      365
    6.880      390
    6.895      392
    6.910      368
    6.925      392
    6.940      400
    6.955      399
    6.970      363
    6.985      363
    7.000      372
    7.015      386
    7.030      358
    7.045      379
    7.060      370
    7.075      400
    7.090      366
    7.105      383
    7.120      398
    7.135      412
    7.150      404
    7.165      395
    7.180      370
    7.195      399
    7.210      362
    7.225      387
    7.240      388
    7.255      388
    7.270      367
    7.285      388
    7.300      382
    7.315      353
    7.330      415
    7.345      379
    7.360      397
    7.375      411
    7.390      406
    7.405      387
    7.420      392
    7.435      378
    7.450      370
    7.465      363
    7.480      378
    7.495      387
    7.510      418
    7.525      378
    7.540      390
    7.555      357
    7.570      370
    7.585      388
    7.600      386
    7.615      367
    7.630      394
    7.645      402
    7.660      383
    7.675      380
    7.690      396
    7.705      359
    7.720      383
    7.735      415
    7.750      420
    7.765      369
    7.780      381
    7.795      380
    7.810      361
    7.825      375
    7.840      358
    7.855      360
    7.870      390
    7.885      385
    7.900      378
    7.915      364
    7.930      401
    7.945      366
    7.960      411
    7.975      394
    7.990      384
    8.005      422
    8.020      415
    8.035      401
    8.050      409
    8.065      395
    8.080      383
    8.095      383
    8.110      391
    8.125      369
    8.140      410
    8.155      419
    8.170      378
    8.185      405
    8.200      386
    8.215      399
    8.230      385
    8.245      387
    8.260      363
    8.275      418
    8.290      393
    8.305      390
    8.320      375
    8.335      402
    8.350      390
    8.365      359
    8.380      400
    8.395      425
    8.410      440
    8.425      382
    8.440      383
    8.455      418
    8.470      429
    8.485      436
    8.500      428
    8.515      398
    8.530      419
    8.545      416
    8.560      421
    8.575      418
    8.590      417
    8.605      417
    8.620      404
    8.635      400
    8.650      418
    8.665      401
    8.680      397
    8.695      422
    8.710      396
    8.725      389
    8.740      400
    8.755      386
    8.770      406
    8.785      393
    8.800      453
    8.815      433
    8.830      443
    8.845      383
    8.860      424
    8.875      422
    8.890      433
    8.905      392
    8.920      418
    8.935      437
    8.950      408
    8.965      405
    8.980      420
    8.995      387
    9.010      436
    9.025      422
    9.040      414
    9.055      405
    9.070      429
    9.085      410
    9.100      412
    9.115      423
    9.130      445
    9.145      422
    9.160      404
    9.175      407
    9.190      413
    9.205      438
    9.220      427
    9.235      442
    9.250      442
    9.265      437
    9.280      443
    9.295      423
    9.310      433
    9.325      433
    9.340      426
    9.355      436
    9.370      448
    9.385      414
    9.400      415
    9.415      417
    9.430      452
    9.445      461
    9.460      447
    9.475      451
    9.490      457
    9.505      434
    9.520      428
    9.535      433
    9.550      455
    9.565      448
    9.580      446
    9.595      441
    9.610      440
    9.625      464
    9.640      452
    9.655      482
    9.670      455
    9.685      429
    9.700      444
    9.715      463
    9.730      435
    9.745      432
    9.760      450
    9.775      445
    9.790      422
    9.805      444
    9.820      426
    9.835      449
    9.850      489
    9.865      433
    9.880      434
    9.895      448
    9.910      428
    9.925      465
    9.940      451
    9.955      437
    9.970      475
    9.985      477
   10.000      464
   10.015      455
   10.030      452
   10.045      461
   10.060      471
   10.075      474
   10.090      482
   10.105      480
   10.120      497
   10.135      507
   10.150      513
   10.165      523
   10.180      552
   10.195      615
   10.210      632
   10.225      705
   10.240      658
   10.255      563
   10.270      551
   10.285      536
   10.300      540
   10.315      510
   10.330      466
   10.345      499
   10.360      564
   10.375      480
   10.390      509
   10.405      530
   10.420      511
   10.435      500
   10.450      446
   10.465      496
   10.480      506
   10.495      479
   10.510      490
   10.525      525
   10.540      562
   10.555      510
   10.570      568
   10.585      581
   10.600      599
   10.615      671
   10.630      678
   10.645      774
   10.660      852
   10.675      929
   10.690     1030
   10.705     1070
   10.720     1209
   10.735     1382
   10.750     1575
   10.765     1843
   10.780     2078
   10.795     2575
   10.810     3276
   10.825     4377
   10.840     5637
   10.855     5640
   10.870     4061
   10.885     2397
   10.900     1285
   10.915      804
   10.930      668
   10.945      625
   10.960      615
   10.975      569
   10.990      568
   11.005      557
   11.020      565
   11.035      559
   11.050      544
   11.065      543
   11.080      557
   11.095      546
   11.110      553
   11.125      579
   11.140      576
   11.155      534
   11.170      524
   11.185      551
   11.200      584
   11.215      569
   11.230      582
   11.245      537
   11.260      546
   11.275      556
   11.290      590
   11.305      616
   11.320      621
   11.335      661
   11.350      699
   11.365      690
   11.380      722
   11.395      815
   11.410      980
   11.425     1080
   11.440     1117
   11.455      980
   11.470      816
   11.485      637
   11.500      617
   11.515      603
   11.530      584
   11.545      577
   11.560      604
   11.575      597
   11.590      566
   11.605      580
   11.620      560
   11.635      580
   11.650      558
   11.665      570
   11.680      629
   11.695      658
   11.710      654
   11.725      690
   11.740      701
   11.755      749
   11.770      818
   11.785      935
   11.800     1028
   11.815     1147
   11.830     1323
   11.845     1549
   11.860     1711
   11.875     1957
   11.890     2431
   11.905     2757
   11.920     3385
   11.935     4108
   11.950     5121
   11.965     6859
   11.980     9448
   11.995    11313
   12.010     9967
   12.025     6835
   12.040     3709
   12.055     1757
   12.070     1002
   12.085      851
   12.100      776
   12.115      708
   12.130      690
   12.145      656
   12.160      664
   12.175      664
   12.190      647
   12.205      665
   12.220      644
   12.235      623
   12.250      625
   12.265      627
   12.280      621
   12.295      643
   12.310      671
   12.325      699
   12.340      730
   12.355      738
   12.370      789
   12.385      813
   12.400      874
   12.415      922
   12.430      996
   12.445     1098
   12.460     1207
   12.475     1348
   12.490     1658
   12.505     2052
   12.520     2626
   12.535     2891
   12.550     2481
   12.565     1724
   12.580     1133
   12.595      834
   12.610      704
   12.625      658
   12.640      633
   12.655      619
   12.670      599
   12.685      624
   12.700      662
   12.715      623
   12.730      581
   12.745      623
   12.760      657
   12.775      637
   12.790      635
   12.805      621
   12.820      629
   12.835      587
   12.850      607
   12.865      629
   12.880      657
   12.895      659
   12.910      600
   12.925      617
   12.940      645
   12.955      668
   12.970      670
   12.985      665
   13.000      669
   13.015      689
   13.030      670
   13.045      688
   13.060      714
   13.075      712
   13.090      676
   13.105      625
   13.120      613
   13.135      640
   13.150      627
   13.165      633
   13.180      631
   13.195      640
   13.210      657
   13.225      615
   13.240      633
   13.255      662
   13.270      616
   13.285      615
   13.300      597
   13.315      630
   13.330      663
   13.345      644
   13.360      660
   13.375      639
   13.390      648
   13.405      680
   13.420      755
   13.435      700
   13.450      749
   13.465      727
   13.480      770
   13.495      748
   13.510      833
   13.525      929
   13.540     1000
   13.555      969
   13.570      872
   13.585      720
   13.600      692
   13.615      650
   13.630      646
   13.645      638
   13.660      642
   13.675      642
   13.690      662
   13.705      672
   13.720      615
   13.735      621
   13.750      614
   13.765      637
   13.780      616
   13.795      611
   13.810      668
   13.825      605
   13.840      651
   13.855      635
   13.870      668
   13.885      620
   13.900      653
   13.915      645
   13.930      647
   13.945      640
   13.960      647
   13.975      656
   13.990      641
   14.005      622
   14.020      671
   14.035      643
   14.050      645
   14.065      674
   14.080      709
   14.095      655
   14.110      641
   14.125      623
   14.140      647
   14.155      621
   14.170      658
   14.185      667
   14.200      677
   14.215      614
   14.230      630
   14.245      618
   14.260      665
   14.275      637
   14.290      647
   14.305      654
   14.320      666
   14.335      682
   14.350      617
   14.365      640
   14.380      653
   14.395      688
   14.410      683
   14.425      735
   14.440      753
   14.455      758
   14.470      768
   14.485      822
   14.500      843
   14.515      768
   14.530      706
   14.545      679
   14.560      640
   14.575      643
   14.590      630
   14.605      677
   14.620      672
   14.635      646
   14.650      648
   14.665      673
   14.680      626
   14.695      641
   14.710      623
   14.725      616
   14.740      645
   14.755      641
   14.770      643
   14.785      655
   14.800      646
   14.815      652
   14.830      673
   14.845      661
   14.860      668
   14.875      669
   14.890      727
   14.905      718
   14.920      732
   14.935      730
   14.950      706
   14.965      692
   14.980      652
   14.995      646
   15.010      676
   15.025      658
   15.040      652
   15.055      606
   15.070      593
   15.085      638
   15.100      696
   15.115      650
   15.130      664
   15.145      679
   15.160      660
   15.175      683
   15.190      731
   15.205      717
   15.220      739
   15.235      787
   15.250      816
   15.265      875
   15.280      916
   15.295     1041
   15.310     1177
   15.325     1385
   15.340     1812
   15.355     2148
   15.370     2417
   15.385     2176
   15.400     1527
   15.415     1068
   15.430      824
   15.445      730
   15.460      665
   15.475      696
   15.490      647
   15.505      674
   15.520      667
   15.535      611
   15.550      626
   15.565      623
   15.580      594
   15.595      574
   15.610      617
   15.625      588
   15.640      646
   15.655      666
   15.670      670
   15.685      670
   15.700      658
   15.715      661
   15.730      687
   15.745      683
   15.760      711
   15.775      716
   15.790      745
   15.805      751
   15.820      747
   15.835      730
   15.850      661
   15.865      601
   15.880      638
   15.895      630
   15.910      626
   15.925      620
   15.940      626
   15.955      608
   15.970      647
   15.985      615
   16.000      611
   16.015      620
   16.030      619
   16.045      651
   16.060      649
   16.075      635
   16.090      663
   16.105      679
   16.120      675
   16.135      732
   16.150      707
   16.165      771
   16.180      885
   16.195      951
   16.210      956
   16.225      882
   16.240      799
   16.255      669
   16.270      617
   16.285      623
   16.300      617
   16.315      639
   16.330      640
   16.345      596
   16.360      616
   16.375      627
   16.390      624
   16.405      610
   16.420      616
   16.435      624
   16.450      604
   16.465      622
   16.480      616
   16.495      637
   16.510      662
   16.525      676
   16.540      632
   16.555      652
   16.570      701
   16.585      698
   16.600      729
   16.615      746
   16.630      692
   16.645      681
   16.660      692
   16.675      641
   16.690      634
   16.705      628
   16.720      636
   16.735      659
   16.750      606
   16.765      594
   16.780      628
   16.795      636
   16.810      648
   16.825      667
   16.840      659
   16.855      671
   16.870      695
   16.885      725
   16.900      786
   16.915      813
   16.930      957
   16.945     1003
   16.960     1199
   16.975     1449
   16.990     1805
   17.005     1938
   17.020     1745
   17.035     1345
   17.050      957
   17.065      747
   17.080      673
   17.095      653
   17.110      655
   17.125      618
   17.140      591
   17.155      650
   17.170      622
   17.185      590
   17.200      596
   17.215      615
   17.230      598
   17.245      604
   17.260      612
   17.275      603
   17.290      596
   17.305      611
   17.320      630
   17.335      632
   17.350      641
   17.365      632
   17.380      604
   17.395      609
   17.410      620
   17.425      630
   17.440      624
   17.455      631
   17.470      668
   17.485      669
   17.500      654
   17.515      639
   17.530      633
   17.545      630
   17.560      636
   17.575      632
   17.590      662
   17.605      683
   17.620      713
   17.635      737
   17.650      770
   17.665      809
   17.680      896
   17.695     1050
   17.710     1154
   17.725     1375
   17.740     1730
   17.755     2168
   17.770     2246
   17.785     1858
   17.800     1327
   17.815      977
   17.830      801
   17.845      716
   17.860      680
   17.875      666
   17.890      674
   17.905      676
   17.920      720
   17.935      718
   17.950      693
   17.965      739
   17.980      766
   17.995      776
   18.010      827
   18.025      862
   18.040     1007
   18.055     1150
   18.070     1355
   18.085     1562
   18.100     1990
   18.115     2622
   18.130     2963
   18.145     2893
   18.160     2234
   18.175     1527
   18.190     1072
   18.205      849
   18.220      768
   18.235      737
   18.250      703
   18.265      770
   18.280      739
   18.295      737
   18.310      759
   18.325      772
   18.340      810
   18.355      872
   18.370      997
   18.385     1147
   18.400     1309
   18.415     1563
   18.430     1994
   18.445     2498
   18.460     3299
   18.475     4630
   18.490     5880
   18.505     5819
   18.520     4457
   18.535     2969
   18.550     1692
   18.565     1095
   18.580      869
   18.595      809
   18.610      791
   18.625      749
   18.640      714
   18.655      702
   18.670      712
   18.685      700
   18.700      693
   18.715      698
   18.730      702
   18.745      742
   18.760      810
   18.775      781
   18.790      897
   18.805      953
   18.820     1064
   18.835     1277
   18.850     1473
   18.865     1381
   18.880     1141
   18.895      931
   18.910      745
   18.925      651
   18.940      634
   18.955      616
   18.970      664
   18.985      642
   19.000      677
   19.015      679
   19.030      669
   19.045      627
   19.060      621
   19.075      600
   19.090      648
   19.105      671
   19.120      654
   19.135      682
   19.150      680
   19.165      644
   19.180      642
   19.195      689
   19.210      688
   19.225      676
   19.240      660
   19.255      632
   19.270      630
   19.285      656
   19.300      643
   19.315      666
   19.330      665
   19.345      641
   19.360      683
   19.375      695
   19.390      710
   19.405      762
   19.420      830
   19.435      912
   19.450     1052
   19.465     1199
   19.480     1419
   19.495     1815
   19.510     2371
   19.525     3177
   19.540     3927
   19.555     3677
   19.570     2869
   19.585     1903
   19.600     1251
   19.615      882
   19.630      770
   19.645      719
   19.660      682
   19.675      677
   19.690      709
   19.705      681
   19.720      698
   19.735      671
   19.750      690
   19.765      703
   19.780      796
   19.795      870
   19.810      973
   19.825     1122
   19.840     1380
   19.855     1831
   19.870     2258
   19.885     2492
   19.900     2166
   19.915     1626
   19.930     1105
   19.945      794
   19.960      667
   19.975      689
   19.990      669
   20.005      624
   20.020      622
   20.035      629
   20.050      623
   20.065      654
   20.080      656
   20.095      611
   20.110      609
   20.125      596
   20.140      592
   20.155      630
   20.170      601
   20.185      556
   20.200      588
   20.215      590
   20.230      606
   20.245      605
   20.260      580
   20.275      620
   20.290      575
   20.305      558
   20.320      567
   20.335      577
   20.350      585
   20.365      637
   20.380      632
   20.395      613
   20.410      637
   20.425      666
   20.440      681
   20.455      729
   20.470      817
   20.485      982
   20.500     1100
   20.515     1379
   20.530     1599
   20.545     1804
   20.560     1621
   20.575     1174
   20.590      884
   20.605      699
   20.620      631
   20.635      637
   20.650      601
   20.665      595
   20.680      569
   20.695      599
   20.710      589
   20.725      590
   20.740      619
   20.755      661
   20.770      677
   20.785      741
   20.800      818
   20.815      951
   20.830     1122
   20.845     1362
   20.860     1516
   20.875     1538
   20.890     1253
   20.905      953
   20.920      738
   20.935      633
   20.950      621
   20.965      639
   20.980      611
   20.995      602
   21.010      599
   21.025      594
   21.040      574
   21.055      555
   21.070      599
   21.085      641
   21.100      615
   21.115      647
   21.130      681
   21.145      728
   21.160      838
   21.175      895
   21.190      966
   21.205      792
   21.220      727
   21.235      627
   21.250      563
   21.265      605
   21.280      573
   21.295      550
   21.310      551
   21.325      533
   21.340      536
   21.355      575
   21.370      596
   21.385      549
   21.400      561
   21.415      541
   21.430      545
   21.445      613
   21.460      666
   21.475      752
   21.490      781
   21.505      745
   21.520      712
   21.535      644
   21.550      592
   21.565      553
   21.580      570
   21.595      569
   21.610      554
   21.625      585
   21.640      558
   21.655      527
   21.670      544
   21.685      566
   21.700      575
   21.715      588
   21.730      605
   21.745      681
   21.760      731
   21.775      850
   21.790      960
   21.805     1041
   21.820      946
   21.835      778
   21.850      683
   21.865      614
   21.880      548
   21.895      552
   21.910      542
   21.925      537
   21.940      550
   21.955      532
   21.970      527
   21.985      538
   22.000      562
   22.015      561
   22.030      591
   22.045      640
   22.060      663
   22.075      735
   22.090      814
   22.105      877
   22.120      861
   22.135      734
   22.150      643
   22.165      622
   22.180      548
   22.195      508
   22.210      533
   22.225      559
   22.240      542
   22.255      544
   22.270      533
   22.285      557
   22.300      597
   22.315      585
   22.330      626
   22.345      699
   22.360      792
   22.375      957
   22.390     1145
   22.405     1262
   22.420     1236
   22.435     1068
   22.450      801
   22.465      660
   22.480      573
   22.495      575
   22.510      563
   22.525      511
   22.540      491
   22.555      535
   22.570      554
   22.585      531
   22.600      520
   22.615      551
   22.630      531
   22.645      503
   22.660      527
   22.675      534
   22.690      504
   22.705      523
   22.720      511
   22.735      509
   22.750      517
   22.765      480
   22.780      473
   22.795      501
   22.810      522
   22.825      491
   22.840      479
   22.855      491
   22.870      509
   22.885      475
   22.900      494
   22.915      538
   22.930      552
   22.945      557
   22.960      564
   22.975      604
   22.990      620
   23.005      635
   23.020      617
   23.035      555
   23.050      537
   23.065      485
   23.080      541
   23.095      557
   23.110      549
   23.125      553
   23.140      531
   23.155      530
   23.170      522
   23.185      612
   23.200      666
   23.215      703
   23.230      789
   23.245      927
   23.260     1186
   23.275     1420
   23.290     1523
   23.305     1347
   23.320     1050
   23.335      797
   23.350      652
   23.365      589
   23.380      558
   23.395      568
   23.410      522
   23.425      496
   23.440      510
   23.455      516
   23.470      528
   23.485      525
   23.500      540
   23.515      543
   23.530      520
   23.545      525
   23.560      513
   23.575      534
   23.590      501
   23.605      516
   23.620      505
   23.635      515
   23.650      477
   23.665      504
   23.680      538
   23.695      519
   23.710      519
   23.725      496
   23.740      499
   23.755      506
   23.770      533
   23.785      550
   23.800      528
   23.815      579
   23.830      598
   23.845      658
   23.860      632
   23.875      660
   23.890      598
   23.905      513
   23.920      518
   23.935      520
   23.950      520
   23.965      504
   23.980      496
   23.995      502
   24.010      523
   24.025      519
   24.040      523
   24.055      534
   24.070      553
   24.085      553
   24.100      585
   24.115      714
   24.130      739
   24.145      715
   24.160      663
   24.175      611
   24.190      553
   24.205      531
   24.220      507
   24.235      503
   24.250      488
   24.265      491
   24.280      524
   24.295      514
   24.310      534
   24.325      549
   24.340      605
   24.355      655
   24.370      734
   24.385      864
   24.400      980
   24.415     1037
   24.430      997
   24.445      869
   24.460      707
   24.475      595
   24.490      561
   24.505      529
   24.520      528
   24.535      521
   24.550      516
   24.565      524
   24.580      494
   24.595      523
   24.610      508
   24.625      535
   24.640      603
   24.655      673
   24.670      653
   24.685      723
   24.700      753
   24.715      670
   24.730      612
   24.745      565
   24.760      539
   24.775      491
   24.790      498
   24.805      524
   24.820      555
   24.835      511
   24.850      494
   24.865      501
   24.880      523
   24.895      492
   24.910      537
   24.925      508
   24.940      526
   24.955      505
   24.970      552
   24.985      517
   25.000      531
   25.015      493
   25.030      512
   25.045      473
   25.060      477
   25.075      550
   25.090      540
   25.105      559
   25.120      507
   25.135      519
   25.150      533
   25.165      531
   25.180      510
   25.195      514
   25.210      513
   25.225      515
   25.240      543
   25.255      532
   25.270      503
   25.285      510
   25.300      501
   25.315      506
   25.330      522
   25.345      514
   25.360      508
   25.375      524
   25.390      518
   25.405      495
   25.420      497
   25.435      522
   25.450      517
   25.465      527
   25.480      550
   25.495      568
   25.510      541
   25.525      555
   25.540      503
   25.555      495
   25.570      497
   25.585      493
   25.600      516
   25.615      541
   25.630      506
   25.645      540
   25.660      559
   25.675      515
   25.690      526
   25.705      536
   25.720      550
   25.735      537
   25.750      532
   25.765      530
   25.780      517
   25.795      516
   25.810      517
   25.825      518
   25.840      515
   25.855      528
   25.870      507
   25.885      540
   25.900      531
   25.915      548
   25.930      532
   25.945      551
   25.960      545
   25.975      588
   25.990      628
   26.005      654
   26.020      725
   26.035      693
   26.050      624
   26.065      583
   26.080      570
   26.095      528
   26.110      542
   26.125      551
   26.140      538
   26.155      536
   26.170      544
   26.185      525
   26.200      551
   26.215      532
   26.230      541
   26.245      548
   26.260      547
   26.275      574
   26.290      575
   26.305      578
   26.320      537
   26.335      511
   26.350      523
   26.365      549
   26.380      543
   26.395      575
   26.410      565
   26.425      570
   26.440      564
   26.455      657
   26.470      755
   26.485      782
   26.500      912
   26.515     1142
   26.530     1267
   26.545     1281
   26.560     1092
   26.575      856
   26.590      695
   26.605      660
   26.620      593
   26.635      589
   26.650      607
   26.665      594
   26.680      552
   26.695      579
   26.710      620
   26.725      648
   26.740      645
   26.755      739
   26.770      819
   26.785      835
   26.800      876
   26.815      787
   26.830      701
   26.845      592
   26.860      564
   26.875      570
   26.890      548
   26.905      551
   26.920      542
   26.935      555
   26.950      578
   26.965      548
   26.980      555
   26.995      543
   27.010      542
   27.025      551
   27.040      553
   27.055      516
   27.070      544
   27.085      559
   27.100      548
   27.115      571
   27.130      586
   27.145      582
   27.160      599
   27.175      556
   27.190      553
   27.205      577
   27.220      605
   27.235      658
   27.250      696
   27.265      735
   27.280      807
   27.295      809
   27.310      791
   27.325      695
   27.340      636
   27.355      578
   27.370      620
   27.385      602
   27.400      570
   27.415      616
   27.430      566
   27.445      614
   27.460      605
   27.475      648
   27.490      708
   27.505      730
   27.520      788
   27.535      798
   27.550      773
   27.565      727
   27.580      686
   27.595      592
   27.610      592
   27.625      603
   27.640      569
   27.655      566
   27.670      590
   27.685      558
   27.700      550
   27.715      582
   27.730      610
   27.745      674
   27.760      679
   27.775      705
   27.790      718
   27.805      664
   27.820      667
   27.835      680
   27.850      623
   27.865      616
   27.880      575
   27.895      595
   27.910      622
   27.925      626
   27.940      623
   27.955      580
   27.970      685
   27.985      703
   28.000      746
   28.015      798
   28.030      799
   28.045      767
   28.060      702
   28.075      673
   28.090      630
   28.105      579
   28.120      599
   28.135      594
   28.150      574
   28.165      614
   28.180      609
   28.195      613
   28.210      580
   28.225      590
   28.240      602
   28.255      597
   28.270      582
   28.285      599
   28.300      632
   28.315      605
   28.330      575
   28.345      568
   28.360      596
   28.375      604
   28.390      597
   28.405      618
   28.420      648
   28.435      659
   28.450      651
   28.465      642
   28.480      660
   28.495      678
   28.510      699
   28.525      661
   28.540      635
   28.555      609
   28.570      636
   28.585      609
   28.600      588
   28.615      618
   28.630      642
   28.645      672
   28.660      646
   28.675      728
   28.690      823
   28.705      970
   28.720     1201
   28.735     1441
   28.750     1429
   28.765     1285
   28.780     1068
   28.795      918
   28.810      749
   28.825      639
   28.840      667
   28.855      601
   28.870      617
   28.885      629
   28.900      621
   28.915      587
   28.930      629
   28.945      611
   28.960      634
   28.975      605
   28.990      633
   29.005      619
   29.020      621
   29.035      655
   29.050      654
   29.065      647
   29.080      599
   29.095      622
   29.110      581
   29.125      587
   29.140      673
   29.155      631
   29.170      627
   29.185      640
   29.200      602
   29.215      602
   29.230      624
   29.245      631
   29.260      630
   29.275      666
   29.290      633
   29.305      664
   29.320      674
   29.335      677
   29.350      619
   29.365      669
   29.380      715
   29.395      780
   29.410      901
   29.425     1073
   29.440     1161
   29.455     1137
   29.470     1011
   29.485      877
   29.500      780
   29.515      722
   29.530      713
   29.545      664
   29.560      673
   29.575      654
   29.590      684
   29.605      748
   29.620      801
   29.635      969
   29.650     1131
   29.665     1329
   29.680     1383
   29.695     1280
   29.710     1084
   29.725      911
   29.740      783
   29.755      738
   29.770      672
   29.785      680
   29.800      694
   29.815      685
   29.830      664
   29.845      675
   29.860      748
   29.875      824
   29.890      894
   29.905      961
   29.920      934
   29.935      837
   29.950      717
   29.965      697
   29.980      666
   29.995      658
   30.010      630
   30.025      684
   30.040      669
   30.055      693
   30.070      719
   30.085      678
   30.100      710
   30.115      722
   30.130      773
   30.145      759
   30.160      705
   30.175      687
   30.190      670
   30.205      687
   30.220      682
   30.235      656
   30.250      651
   30.265      685
   30.280      674
   30.295      706
   30.310      785
   30.325      814
   30.340      906
   30.355      981
   30.370      941
   30.385      897
   30.400      789
   30.415      724
   30.430      668
   30.445      661
   30.460      656
   30.475      645
   30.490      618
   30.505      664
   30.520      710
   30.535      709
   30.550      756
   30.565      818
   30.580      874
   30.595      864
   30.610      750
   30.625      693
   30.640      640
   30.655      641
   30.670      619
   30.685      587
   30.700      621
   30.715      633
   30.730      624
   30.745      658
   30.760      642
   30.775      647
   30.790      647
   30.805      610
   30.820      610
   30.835      602
   30.850      645
   30.865      651
   30.880      634
   30.895      648
   30.910      656
   30.925      657
   30.940      638
   30.955      625
   30.970      613
   30.985      634
   31.000      652
   31.015      625
   31.030      654
   31.045      645
   31.060      596
   31.075      617
   31.090      616
   31.105      661
   31.120      613
   31.135      668
   31.150      623
   31.165      679
   31.180      674
   31.195      681
   31.210      708
   31.225      728
   31.240      720
   31.255      716
   31.270      731
   31.285      729
   31.300      732
   31.315      684
   31.330      659
   31.345      620
   31.360      662
   31.375      657
   31.390      664
   31.405      716
   31.420      830
   31.435      851
   31.450      949
   31.465     1005
   31.480     1010
   31.495      943
   31.510      904
   31.525      788
   31.540      668
   31.555      627
   31.570      632
   31.585      628
   31.600      678
   31.615      664
   31.630      714
   31.645      764
   31.660      796
   31.675      821
   31.690      884
   31.705      868
   31.720      750
   31.735      729
   31.750      680
   31.765      639
   31.780      654
   31.795      685
   31.810      648
   31.825      625
   31.840      662
   31.855      648
   31.870      635
   31.885      694
   31.900      651
   31.915      638
   31.930      672
   31.945      629
   31.960      642
   31.975      641
   31.990      643
   32.005      663
   32.020      685
   32.035      719
   32.050      760
   32.065      824
   32.080      892
   32.095     1056
   32.110     1152
   32.125     1192
   32.140     1095
   32.155      919
   32.170      811
   32.185      733
   32.200      684
   32.215      691
   32.230      618
   32.245      692
   32.260      629
   32.275      640
   32.290      666
   32.305      638
   32.320      642
   32.335      653
   32.350      621
   32.365      602
   32.380      579
   32.395      627
   32.410      603
   32.425      613
   32.440      639
   32.455      618
   32.470      648
   32.485      635
   32.500      642
   32.515      631
   32.530      567
   32.545      609
   32.560      601
   32.575      640
   32.590      624
   32.605      600
   32.620      603
   32.635      626
   32.650      654
   32.665      627
   32.680      574
   32.695      610
   32.710      630
   32.725      643
   32.740      606
   32.755      604
   32.770      587
   32.785      611
   32.800      613
   32.815      617
   32.830      624
   32.845      618
   32.860      594
   32.875      582
   32.890      636
   32.905      623
   32.920      592
   32.935      645
   32.950      709
   32.965      695
   32.980      660
   32.995      619
   33.010      630
   33.025      620
   33.040      631
   33.055      627
   33.070      668
   33.085      688
   33.100      648
   33.115      672
   33.130      696
   33.145      690
   33.160      672
   33.175      702
   33.190      699
   33.205      689
   33.220      672
   33.235      650
   33.250      603
   33.265      603
   33.280      638
   33.295      610
   33.310      645
   33.325      646
   33.340      698
   33.355      753
   33.370      766
   33.385      767
   33.400      724
   33.415      713
   33.430      674
   33.445      655
   33.460      653
   33.475      620
   33.490      570
   33.505      593
   33.520      564
   33.535      619
   33.550      613
   33.565      584
   33.580      610
   33.595      630
   33.610      616
   33.625      580
   33.640      606
   33.655      631
   33.670      600
   33.685      582
   33.700      650
   33.715      605
   33.730      596
   33.745      628
   33.760      628
   33.775      634
   33.790      632
   33.805      690
   33.820      694
   33.835      647
   33.850      685
   33.865      605
   33.880      577
   33.895      599
   33.910      644
   33.925      669
   33.940      678
   33.955      719
   33.970      796
   33.985      882
   34.000      883
   34.015      829
   34.030      794
   34.045      729
   34.060      659
   34.075      628
   34.090      649
   34.105      623
   34.120      618
   34.135      642
   34.150      635
   34.165      644
   34.180      616
   34.195      607
   34.210      623
   34.225      590
   34.240      580
   34.255      589
   34.270      635
   34.285      616
   34.300      589
   34.315      568
   34.330      638
   34.345      594
   34.360      613
   34.375      624
   34.390      642
   34.405      604
   34.420      626
   34.435      633
   34.450      636
   34.465      646
   34.480      595
   34.495      593
   34.510      581
   34.525      601
   34.540      609
   34.555      642
   34.570      661
   34.585      655
   34.600      673
   34.615      692
   34.630      645
   34.645      612
   34.660      638
   34.675      630
   34.690      608
   34.705      602
   34.720      624
   34.735      617
   34.750      661
   34.765      667
   34.780      732
   34.795      765
   34.810      775
   34.825      741
   34.840      715
   34.855      662
   34.870      581
   34.885      606
   34.900      606
   34.915      608
   34.930      617
   34.945      628
   34.960      643
   34.975      633
   34.990      643
   35.005      682
   35.020      689
   35.035      651
   35.050      612
   35.065      613
   35.080      559
   35.095      578
   35.110      567
   35.125      606
   35.140      601
   35.155      572
   35.170      586
   35.185      582
   35.200      548
   35.215      566
   35.230      596
   35.245      587
   35.260      586
   35.275      551
   35.290      580
   35.305      576
   35.320      623
   35.335      613
   35.350      621
   35.365      612
   35.380      633
   35.395      643
   35.410      596
   35.425      618
   35.440      621
   35.455      621
   35.470      594
   35.485      576
   35.500      617
   35.515      609
   35.530      623
   35.545      603
   35.560      580
   35.575      632
   35.590      632
   35.605      584
   35.620      574
   35.635      596
   35.650      613
   35.665      604
   35.680      569
   35.695      592
   35.710      607
   35.725      613
   35.740      605
   35.755      560
   35.770      617
   35.785      580
   35.800      571
   35.815      576
   35.830      562
   35.845      583
   35.860      570
   35.875      570
   35.890      572
   35.905      589
   35.920      564
   35.935      603
   35.950      587
   35.965      593
   35.980      572
   35.995      576
   36.010      578
   36.025      622
   36.040      567
   36.055      575
   36.070      570
   36.085      567
   36.100      546
   36.115      569
   36.130      573
   36.145      605
   36.160      595
   36.175      579
   36.190      601
   36.205      610
   36.220      560
   36.235      542
   36.250      536
   36.265      573
   36.280      596
   36.295      603
   36.310      649
   36.325      612
   36.340      700
   36.355      724
   36.370      742
   36.385      708
   36.400      714
   36.415      656
   36.430      598
   36.445      610
   36.460      592
   36.475      592
   36.490      577
   36.505      581
   36.520      569
   36.535      577
   36.550      595
   36.565      588
   36.580      582
   36.595      620
   36.610      611
   36.625      595
   36.640      595
   36.655      569
   36.670      604
   36.685      597
   36.700      588
   36.715      614
   36.730      609
   36.745      614
   36.760      601
   36.775      612
   36.790      588
   36.805      597
   36.820      602
   36.835      640
   36.850      655
   36.865      617
   36.880      672
   36.895      724
   36.910      786
   36.925      879
   36.940      934
   36.955      906
   36.970      858
   36.985      750
   37.000      712
   37.015      650
   37.030      587
   37.045      597
   37.060      594
   37.075      592
   37.090      596
   37.105      638
   37.120      654
   37.135      662
   37.150      664
   37.165      663
   37.180      630
   37.195      615
   37.210      597
   37.225      555
   37.240      556
   37.255      566
   37.270      580
   37.285      558
   37.300      584
   37.315      546
   37.330      578
   37.345      607
   37.360      570
   37.375      575
   37.390      564
   37.405      570
   37.420      557
   37.435      539
   37.450      551
   37.465      578
   37.480      588
   37.495      602
   37.510      606
   37.525      576
   37.540      578
   37.555      571
   37.570      559
   37.585      559
   37.600      588
   37.615      589
   37.630      568
   37.645      618
   37.660      642
   37.675      690
   37.690      696
   37.705      694
   37.720      702
   37.735      631
   37.750      565
   37.765      539
   37.780      559
   37.795      571
   37.810      564
   37.825      591
   37.840      558
   37.855      590
   37.870      569
   37.885      613
   37.900      598
   37.915      577
   37.930      607
   37.945      587
   37.960      576
   37.975      588
   37.990      595
   38.005      554
   38.020      541
   38.035      579
   38.050      607
   38.065      623
   38.080      613
   38.095      592
   38.110      614
   38.125      601
   38.140      568
   38.155      551
   38.170      562
   38.185      560
   38.200      568
   38.215      588
   38.230      601
   38.245      603
   38.260      613
   38.275      626
   38.290      581
   38.305      588
   38.320      600
   38.335      592
   38.350      569
   38.365      549
   38.380      581
   38.395      566
   38.410      565
   38.425      604
   38.440      622
   38.455      611
   38.470      620
   38.485      590
   38.500      556
   38.515      571
   38.530      525
   38.545      565
   38.560      609
   38.575      565
   38.590      592
   38.605      621
   38.620      620
   38.635      623
   38.650      638
   38.665      592
   38.680      538
   38.695      556
   38.710      531
   38.725      536
   38.740      545
   38.755      546
   38.770      575
   38.785      569
   38.800      578
   38.815      543
   38.830      555
   38.845      558
   38.860      552
   38.875      558
   38.890      556
   38.905      527
   38.920      550
   38.935      535
   38.950      554
   38.965      549
   38.980      569
   38.995      558
   39.010      561
   39.025      525
   39.040      509
   39.055      554
   39.070      520
   39.085      488
   39.100      524
   39.115      544
   39.130      565
   39.145      595
   39.160      566
   39.175      551
   39.190      553
   39.205      559
   39.220      597
   39.235      582
   39.250      569
   39.265      553
   39.280      571
   39.295      575
   39.310      578
   39.325      603
   39.340      616
   39.355      628
   39.370      611
   39.385      619
   39.400      563
   39.415      543
   39.430      527
   39.445      537
   39.460      546
   39.475      550
   39.490      561
   39.505      606
   39.520      581
   39.535      513
   39.550      565
   39.565      544
   39.580      571
   39.595      588
   39.610      542
   39.625      532
   39.640      578
   39.655      585
   39.670      652
   39.685      612
   39.700      652
   39.715      619
   39.730      570
   39.745      604
   39.760      586
   39.775      581
   39.790      575
   39.805      548
   39.820      598
   39.835      582
   39.850      599
   39.865      641
   39.880      651
   39.895      666
   39.910      619
   39.925      598
   39.940      559
   39.955      529
   39.970      565
   39.985      534
   40.000      521
   40.015      543
   40.030      551
   40.045      535
   40.060      566
   40.075      564
   40.090      575
   40.105      575
   40.120      561
   40.135      572
   40.150      595
   40.165      587
   40.180      582
   40.195      572
   40.210      549
   40.225      560
   40.240      550
   40.255      532
   40.270      552
   40.285      541
   40.300      527
   40.315      517
   40.330      556
   40.345      564
   40.360      573
   40.375      580
   40.390      575
   40.405      567
   40.420      575
   40.435      566
   40.450      564
   40.465      536
   40.480      550
   40.495      567
   40.510      546
   40.525      604
   40.540      544
   40.555      559
   40.570      583
   40.585      572
   40.600      536
   40.615      535
   40.630      578
   40.645      591
   40.660      526
   40.675      569
   40.690      575
   40.705      569
   40.720      553
   40.735      535
   40.750      568
   40.765      556
   40.780      563
   40.795      553
   40.810      546
   40.825      559
   40.840      564
   40.855      528
   40.870      536
   40.885      527
   40.900      557
   40.915      542
   40.930      564
   40.945      560
   40.960      559
   40.975      582
   40.990      547
   41.005      540
   41.020      541
   41.035      520
   41.050      569
   41.065      555
   41.080      550
   41.095      539
   41.110      509
   41.125      530
   41.140      545
   41.155      547
   41.170      553
   41.185      529
   41.200      572
   41.215      565
   41.230      591
   41.245      616
   41.260      640
   41.275      652
   41.290      655
   41.305      637
   41.320      584
   41.335      562
   41.350      550
   41.365      573
   41.380      561
   41.395      539
   41.410      551
   41.425      553
   41.440      597
   41.455      616
   41.470      608
   41.485      590
   41.500      529
   41.515      551
   41.530      608
   41.545      575
   41.560      554
   41.575      548
   41.590      554
   41.605      541
   41.620      530
   41.635      517
   41.650      554
   41.665      513
   41.680      558
   41.695      596
   41.710      544
   41.725      536
   41.740      519
   41.755      561
   41.770      572
   41.785      535
   41.800      552
   41.815      542
   41.830      582
   41.845      564
   41.860      550
   41.875      540
   41.890      535
   41.905      522
   41.920      546
   41.935      558
   41.950      573
   41.965      593
   41.980      585
   41.995      540
   42.010      572
   42.025      526
   42.040      568
   42.055      565
   42.070      545
   42.085      551
   42.100      562
   42.115      534
   42.130      566
   42.145      541
   42.160      554
   42.175      585
   42.190      554
   42.205      556
   42.220      514
   42.235      508
   42.250      524
   42.265      523
   42.280      557
   42.295      568
   42.310      546
   42.325      566
   42.340      548
   42.355      568
   42.370      565
   42.385      567
   42.400      573
   42.415      578
   42.430      555
   42.445      609
   42.460      580
   42.475      550
   42.490      592
   42.505      580
   42.520      559
   42.535      521
   42.550      547
   42.565      564
   42.580      536
   42.595      550
   42.610      565
   42.625      547
   42.640      527
   42.655      548
   42.670      546
   42.685      528
   42.700      563
   42.715      542
   42.730      557
   42.745      548
   42.760      528
   42.775      553
   42.790      582
   42.805      587
   42.820      580
   42.835      542
   42.850      513
   42.865      532
   42.880      566
   42.895      628
   42.910      567
   42.925      531
   42.940      582
   42.955      552
   42.970      554
   42.985      532
   43.000      488
   43.015      526
   43.030      581
   43.045      529
   43.060      549
   43.075      561
   43.090      529
   43.105      515
   43.120      574
   43.135      546
   43.150      567
   43.165      539
   43.180      557
   43.195      556
   43.210      567
   43.225      584
   43.240      549
   43.255      588
   43.270      562
   43.285      561
   43.300      605
   43.315      552
   43.330      570
   43.345      580
   43.360      529
   43.375      568
   43.390      585
   43.405      579
   43.420      570
   43.435      587
   43.450      587
   43.465      594
   43.480      567
   43.495      583
   43.510      615
   43.525      568
   43.540      574
   43.555      584
   43.570      564
   43.585      555
   43.600      539
   43.615      560
   43.630      599
   43.645      586
   43.660      576
   43.675      567
   43.690      575
   43.705      578
   43.720      560
   43.735      553
   43.750      573
   43.765      593
   43.780      568
   43.795      530
   43.810      556
   43.825      580
   43.840      599
   43.855      598
   43.870      571
   43.885      550
   43.900      559
   43.915      592
   43.930      580
   43.945      556
   43.960      614
   43.975      626
   43.990      585
   44.005      615
   44.020      606
   44.035      579
   44.050      548
   44.065      565
   44.080      587
   44.095      571
   44.110      585
   44.125      575
   44.140      534
   44.155      571
   44.170      573
   44.185      587
   44.200      574
   44.215      549
   44.230      561
   44.245      564
   44.260      562
   44.275      568
   44.290      578
   44.305      554
   44.320      577
   44.335      595
   44.350      572
   44.365      565
   44.380      561
   44.395      553
   44.410      564
   44.425      589
   44.440      555
   44.455      548
   44.470      544
   44.485      579
   44.500      547
   44.515      560
   44.530      578
   44.545      610
   44.560      571
   44.575      560
   44.590      593
   44.605      598
   44.620      607
   44.635      601
   44.650      565
   44.665      579
   44.680      582
   44.695      582
   44.710      590
   44.725      584
   44.740      567
   44.755      572
   44.770      604
   44.785      656
   44.800      643
   44.815      603
   44.830      627
   44.845      596
   44.860      575
   44.875      589
   44.890      592
   44.905      624
   44.920      577
   44.935      557
   44.950      601
   44.965      578
   44.980      581
   44.995      572
   45.010      551
   45.025      566
   45.040      609
   45.055      620
   45.070      612
   45.085      586
   45.100      573
   45.115      571
   45.130      581
   45.145      565
   45.160      565
   45.175      565
   45.190      596
   45.205      570
   45.220      598
   45.235      599
   45.250      607
   45.265      598
   45.280      638
   45.295      640
   45.310      522
   45.325      608
   45.340      610
   45.355      579
   45.370      585
   45.385      621
   45.400      639
   45.415      629
   45.430      619
   45.445      636
   45.460      584
   45.475      575
   45.490      606
   45.505      588
   45.520      538
   45.535      512
   45.550      569
   45.565      561
   45.580      522
   45.595      577
   45.610      578
   45.625      553
   45.640      603
   45.655      571
   45.670      595
   45.685      595
   45.700      610
   45.715      581
   45.730      604
   45.745      572
   45.760      578
   45.775      590
   45.790      612
   45.805      616
   45.820      593
   45.835      580
   45.850      614
   45.865      602
   45.880      615
   45.895      615
   45.910      599
   45.925      601
   45.940      611
   45.955      609
   45.970      597
   45.985      591
   46.000      593
   46.015      592
   46.030      601
   46.045      593
   46.060      555
   46.075      588
   46.090      617
   46.105      579
   46.120      579
   46.135      619
   46.150      628
   46.165      610
   46.180      579
   46.195      615
   46.210      622
   46.225      649
   46.240      638
   46.255      586
   46.270      591
   46.285      600
   46.300      588
   46.315      608
   46.330      613
   46.345      605
   46.360      549
   46.375      580
   46.390      594
   46.405      605
   46.420      559
   46.435      570
   46.450      574
   46.465      605
   46.480      586
   46.495      586
   46.510      566
   46.525      596
   46.540      594
   46.555      613
   46.570      616
   46.585      608
   46.600      572
   46.615      591
   46.630      568
   46.645      546
   46.660      605
   46.675      595
   46.690      589
   46.705      577
   46.720      618
   46.735      626
   46.750      580
   46.765      602
   46.780      602
   46.795      613
   46.810      565
   46.825      554
   46.840      572
   46.855      542
   46.870      603
   46.885      581
   46.900      593
   46.915      588
   46.930      596
   46.945      578
   46.960      597
   46.975      577
   46.990      604
   47.005      601
   47.020      601
   47.035      592
   47.050      583
   47.065      599
   47.080      593
   47.095      602
   47.110      609
   47.125      599
   47.140      597
   47.155      585
   47.170      630
   47.185      634
   47.200      611
   47.215      595
   47.230      593
   47.245      585
   47.260      648
   47.275      595
   47.290      578
   47.305      586
   47.320      609
   47.335      602
   47.350      598
   47.365      599
   47.380      598
   47.395      590
   47.410      585
   47.425      584
   47.440      608
   47.455      610
   47.470      589
   47.485      564
   47.500      609
   47.515      594
   47.530      600
   47.545      570
   47.560      578
   47.575      549
   47.590      584
   47.605      583
   47.620      585
   47.635      585
   47.650      607
   47.665      587
   47.680      596
   47.695      615
   47.710      637
   47.725      646
   47.740      610
   47.755      618
   47.770      627
   47.785      638
   47.800      631
   47.815      566
   47.830      581
   47.845      583
   47.860      585
   47.875      589
   47.890      574
   47.905      587
   47.920      610
   47.935      622
   47.950      610
   47.965      608
   47.980      580
   47.995      591
   48.010      572
   48.025      556
   48.040      591
   48.055      598
   48.070      584
   48.085      568
   48.100      584
   48.115      610
   48.130      564
   48.145      602
   48.160      589
   48.175      565
   48.190      581
   48.205      581
   48.220      598
   48.235      600
   48.250      594
   48.265      619
   48.280      569
   48.295      620
   48.310      549
   48.325      570
   48.340      580
   48.355      593
   48.370      621
   48.385      616
   48.400      579
   48.415      614
   48.430      583
   48.445      591
   48.460      576
   48.475      585
   48.490      586
   48.505      584
   48.520      610
   48.535      597
   48.550      617
   48.565      612
   48.580      633
   48.595      607
   48.610      594
   48.625      585
   48.640      610
   48.655      584
   48.670      616
   48.685      567
   48.700      588
   48.715      582
   48.730      549
   48.745      579
   48.760      616
   48.775      570
   48.790      585
   48.805      549
   48.820      532
   48.835      593
   48.850      571
   48.865      588
   48.880      581
   48.895      538
   48.910      561
   48.925      585
   48.940      558
   48.955      612
   48.970      627
   48.985      597
   49.000      596
   49.015      576
   49.030      583
   49.045      634
   49.060      598
   49.075      583
   49.090      556
   49.105      525
   49.120      582
   49.135      599
   49.150      620
   49.165      593
   49.180      594
   49.195      580
   49.210      611
   49.225      602
   49.240      606
   49.255      601
   49.270      595
   49.285      604
   49.300      617
   49.315      573
   49.330      540
   49.345      558
   49.360      581
   49.375      593
   49.390      586
   49.405      607
   49.420      537
   49.435      554
   49.450      600
   49.465      577
   49.480      565
   49.495      567
   49.510      574
   49.525      585
   49.540      523
   49.555      552
   49.570      585
   49.585      554
   49.600      541
   49.615      608
   49.630      629
   49.645      576
   49.660      568
   49.675      572
   49.690      593
   49.705      583
   49.720      593
   49.735      598
   49.750      588
   49.765      575
   49.780      584
   49.795      561
   49.810      574
   49.825      557
   49.840      619
   49.855      617
   49.870      574
   49.885      607
   49.900      616
   49.915      602
   49.930      593
   49.945      557
   49.960      563
   49.975      592
   49.990      621
   50.005      585
   50.020      555
   50.035      622
   50.050      602
   50.065      571
   50.080      600
   50.095      545
   50.110      557
   50.125      592
   50.140      615
   50.155      572
   50.170      590
   50.185      633
   50.200      580
   50.215      584
   50.230      611
   50.245      580
   50.260      590
   50.275      596
   50.290      571
   50.305      602
   50.320      601
   50.335      641
   50.350      611
   50.365      601
   50.380      608
   50.395      599
   50.410      590
   50.425      587
   50.440      588
   50.455      571
   50.470      560
   50.485      549
   50.500      573
   50.515      563
   50.530      579
   50.545      627
   50.560      598
   50.575      605
   50.590      583
   50.605      572
   50.620      573
   50.635      574
   50.650      594
   50.665      586
   50.680      592
   50.695      572
   50.710      583
   50.725      581
   50.740      578
   50.755      585
   50.770      583
   50.785      564
   50.800      544
   50.815      582
   50.830      584
   50.845      579
   50.860      579
   50.875      552
   50.890      562
   50.905      573
   50.920      613
   50.935      580
   50.950      616
   50.965      548
   50.980      574
   50.995      529
   51.010      572
   51.025      594
   51.040      596
   51.055      583
   51.070      594
   51.085      591
   51.100      567
   51.115      547
   51.130      567
   51.145      597
   51.160      589
   51.175      588
   51.190      567
   51.205      574
   51.220      564
   51.235      570
   51.250      555
   51.265      543
   51.280      546
   51.295      567
   51.310      592
   51.325      561
   51.340      583
   51.355      557
   51.370      580
   51.385      615
   51.400      577
   51.415      583
   51.430      581
   51.445      594
   51.460      564
   51.475      584
   51.490      565
   51.505      540
   51.520      595
   51.535      534
   51.550      561
   51.565      562
   51.580      540
   51.595      550
   51.610      535
   51.625      549
   51.640      565
   51.655      542
   51.670      545
   51.685      588
   51.700      601
   51.715      563
   51.730      567
   51.745      575
   51.760      587
   51.775      579
   51.790      553
   51.805      560
   51.820      572
   51.835      586
   51.850      588
   51.865      583
   51.880      567
   51.895      557
   51.910      578
   51.925      559
   51.940      577
   51.955      562
   51.970      584
   51.985      519
   52.000      528
   52.015      576
   52.030      572
   52.045      586
   52.060      571
   52.075      561
   52.090      574
   52.105      586
   52.120      591
   52.135      592
   52.150      608
   52.165      613
   52.180      558
   52.195      590
   52.210      566
   52.225      586
   52.240      596
   52.255      591
   52.270      570
   52.285      550
   52.300      583
   52.315      582
   52.330      596
   52.345      580
   52.360      618
   52.375      541
   52.390      546
   52.405      567
   52.420      556
   52.435      585
   52.450      523
   52.465      578
   52.480      607
   52.495      567
   52.510      583
   52.525      578
   52.540      556
   52.555      526
   52.570      521
   52.585      566
   52.600      563
   52.615      543
   52.630      519
   52.645      577
   52.660      586
   52.675      563
   52.690      597
   52.705      597
   52.720      575
   52.735      568
   52.750      547
   52.765      544
   52.780      593
   52.795      549
   52.810      561
   52.825      539
   52.840      569
   52.855      549
   52.870      540
   52.885      572
   52.900      560
   52.915      560
   52.930      572
   52.945      571
   52.960      558
   52.975      552
   52.990      559
   53.005      577
   53.020      609
   53.035      600
   53.050      605
   53.065      593
   53.080      595
   53.095      576
   53.110      560
   53.125      571
   53.140      570
   53.155      557
   53.170      583
   53.185      558
   53.200      584
   53.215      556
   53.230      559
   53.245      564
   53.260      560
   53.275      564
   53.290      516
   53.305      581
   53.320      582
   53.335      569
   53.350      555
   53.365      578
   53.380      557
   53.395      559
   53.410      567
   53.425      588
   53.440      545
   53.455      531
   53.470      560
   53.485      566
   53.500      584
   53.515      607
   53.530      561
   53.545      571
   53.560      577
   53.575      605
   53.590      613
   53.605      576
   53.620      555
   53.635      548
   53.650      548
   53.665      579
   53.680      602
   53.695      588
   53.710      548
   53.725      561
   53.740      544
   53.755      575
   53.770      544
   53.785      528
   53.800      526
   53.815      544
   53.830      561
   53.845      523
   53.860      534
   53.875      527
   53.890      563
   53.905      539
   53.920      576
   53.935      534
   53.950      572
   53.965      536
   53.980      550
   53.995      554
   54.010      539
   54.025      554
   54.040      601
   54.055      532
   54.070      543
   54.085      551
   54.100      547
   54.115      546
   54.130      545
   54.145      588
   54.160      569
   54.175      564
   54.190      557
   54.205      552
   54.220      565
   54.235      567
   54.250      556
   54.265      545
   54.280      556
   54.295      585
   54.310      593
   54.325      579
   54.340      540
   54.355      515
   54.370      541
   54.385      557
   54.400      589
   54.415      582
   54.430      580
   54.445      568
   54.460      534
   54.475      587
   54.490      573
   54.505      557
   54.520      566
   54.535      572
   54.550      577
   54.565      590
   54.580      582
   54.595      581
   54.610      539
   54.625      569
   54.640      565
   54.655      551
   54.670      543
   54.685      549
   54.700      568
   54.715      529
   54.730      551
   54.745      555
   54.760      543
   54.775      543
   54.790      527
   54.805      530
   54.820      581
   54.835      558
   54.850      562
   54.865      547
   54.880      576
   54.895      567
   54.910      548
