# epsilon and Z* of atoms 1 3 5 9 11 15 19 23 25 27 29
   9.73981400    0.00000000    0.00000000    0.00000000   10.99670900    0.00000000    0.00000000    0.00000000   10.32806000 
   2.94168067    0.00000000    0.00000000    0.00000000    3.31936000   -0.25254000    0.00000000   -0.34756000    3.27744933 
   0.50766067    0.00000000    0.00000000    0.00000000    0.75182000    0.06024000    0.00000000   -0.01409000    1.20968933 
   1.23830067    0.24945000    0.23609000    0.10400000    1.19805000   -0.36029000    0.30681000   -0.17772000    1.01664933 
   1.18813067    0.00000000    0.00000000    0.00000000    1.47416000    0.07221000    0.00000000    0.08787000    1.30871933 
   1.38162067    0.13908000   -0.26290000   -0.07060000    1.44878000   -0.15827000   -0.18768000   -0.15514000    1.29954933 
   1.04958067    0.37452000    0.16964000    0.31841000    0.78030000   -0.19565000    0.15171000    0.03305000    1.14683933 
  -2.18833933   -0.08455000    0.52435000   -0.14752000   -1.96398000    0.04564000    0.64108000   -0.01020000   -2.26522067 
  -1.91121933    0.00000000    0.00000000    0.00000000   -1.93125000   -0.20647000    0.00000000   -0.09510000   -1.88001067 
  -1.80293933    0.00000000    0.00000000    0.00000000   -2.45490000   -0.58394000    0.00000000   -0.61426000   -1.75125067 
  -1.69738933    0.00000000    0.00000000    0.00000000   -2.30999000    0.38167000    0.00000000    0.51979000   -2.37652067 
  -2.18824933    0.00000000    0.00000000    0.00000000   -1.77550000   -0.54206000    0.00000000   -0.24249000   -2.18371067 

