[Header]
; Thermal Transport Data File (default extension .dat)
; Copyright 2000, Quantum Design, Inc. All rights reserved.
TITLE,D387_Ag8GeS6_TTO
FILEOPENTIME,3945699260.4714,01/10/2025,6:39 pm
BYAPP,THERMAL_TRANSPORT,1.0,1.1,1.2
INFO,PPMS Thermal Transport Option Version: Release 2.0.0,APPNAME
INFO,Ag8GeS6,SAMPLE_MATERIAL
INFO,,SAMPLE_COMMENT
INFO,1.9898,SAMPLE_VLEAD_SEPARATION
INFO,1.9898,SAMPLE_ILEAD_SEPARATION
INFO,18.814,SAMPLE_CROSS_SECTION
INFO,30.59,SAMPLE_SURFACE_AREA
INFO,1.0,SAMPLE_EMISSIVITY
DATATYPE,COMMENT,1
DATATYPE,TIME,2
FIELDGROUP,ThermalCond, 2,4,5,6,7,8,19,20,22,28
FIELDGROUP,SeebeckCoef, 2,4,5,6,9,10,19,20,22,28
FIELDGROUP,Resistivity, 2,4,5,6,11,12,19,20,22,28
FIELDGROUP,Merit-ZT,    2,4,5,6,7,8,9,10,11,12,13,14,19,20,22,28
STARTUPGROUP,All
STARTUPAXIS,X,6
STARTUPAXIS,Y1,7
STARTUPAXIS,Y2,9
STARTUPAXIS,Y3,11
[Data]
Comment,Time Stamp (sec),Status (code),Error (code),Magnetic Field (Oe),Sample Temp. (K),Conductivity (W/K-m),Cond. Error,Seebeck Coef. (µV/K),Seebeck Error,Resistivity (Ohm-m),Resist Error,Figure of Merit ZT,Merit Error,Delta Temp. (K),Conductance (W/K),Raw Conductance (W/K),Seebeck Volt. (µV),Resistance (Ohm),Min. Temp. (K),Max. Temp. (K),Temp. Rise (K),Req. Htr Power (W),Heater Power (W),Rad. Loss (W),Cond. Pwr. (W),Heater Current (mA),Res. Drive (mA),Res. Freq (Hz),Period (sec),Period Ratio,tau1 (sec),tau2 (sec),Seebeck Gain,Resist. Gain,System Temp (K),Chamber Pressure (Torr),Temperature Status,Field Status,Chamber Status,Hot Baseline Avg (K),Cold Baseline Avg (K),QMap 1,QMap 2,QMap 3,QMap 4,QMap 5,QMap 6,QMap 7,QMap 8,QMap 9,QMap 10,QMap 11,QMap 12,QMap 13,QMap 14,QMap 15,QMap 16
,3945722090.52259,1810,18432,0,2.62046471318426,0.081274752023701,0.000184862877804955,,,0,0,,,0.0130089123288075,0.000768470793332954,0.000768725764432555,,0,2.48459000570317,2.70222019845478,0.0560933346130645,1E-5,1.00002860743986E-5,6.21635759348301E-12,1.0000279858041E-5,0.0703222579956055,7.9999970703125,,29.696,31.8346352897886,0.932820487173145,0.0019,998.9870568,0.99973338842392,2.4942831993103,9.89999989542412E-6,2,1,7,2.62401407120186,2.6109658223828,,,,,,,,,,,,,,,,
,3945722149.70896,1810,18432,0,3.04711974343847,0.102589288904984,0.000188657041082958,,,0,0,,,0.0123754214226591,0.000970004463492999,0.000970311670511781,,0,2.90758423752562,3.13844839912258,0.0542171345029838,1.20077662139482E-5,1.20080158339076E-5,9.49105132108875E-12,1.20080063428563E-5,0.0770778274536133,7.9999970703125,,29.696,33.4472757601797,0.887845103228236,0.0019,998.9870568,0.99973338842392,2.9902070760727,9.89999989542412E-6,2,1,7,3.05387496292519,3.04310188262153,,,,,,,,,,,,,,,,
,3945722208.49798,1810,18432,0,3.49744835335752,0.125755710828631,0.000225292702325493,,,0,0,,,0.0135592364198799,0.00118904811716246,0.0011893955732368,,0,3.3540845930885,3.59169938317793,0.057344970147243,1.61271532461323E-5,1.61272957742765E-5,1.50790031011716E-11,1.61272806952734E-5,0.0893444442749023,7.9999970703125,,29.696,34.9723552234751,0.849127827114904,0.0019,998.9870568,0.99973338842392,3.47911846637726,9.89999989542412E-6,2,1,7,3.50285483604141,3.49504446621268,,,,,,,,,,,,,,,,
,3945722267.71661,1810,18432,0,3.96702147560259,0.149962046971368,0.000258942410930233,,,0,0,,,0.016087413000367,0.00141792439024994,0.0014183043267405,,0,3.81909988156105,4.06064551957577,0.0642118724518501,2.28176142520238E-5,2.28168474644818E-5,2.43750388740156E-11,2.28168230894429E-5,0.106290771484375,7.9999970703125,,29.696,35.05383183021,0.847154175436177,0.0019,998.9870568,0.99973338842392,3.97115480899811,9.89999989542412E-6,2,1,7,3.96948317807264,3.96316059009768,,,,,,,,,,,,,,,,
,3945722326.42598,1810,18432,0,4.44179512300605,0.173557121952867,0.000303744098203138,,,0,0,,,0.019834089762435,0.0016410210535839,0.00164143186530256,,0,4.28883833077079,4.53275131050799,0.0748385334634412,3.25528602143778E-5,3.2556306955332E-5,3.9414738367264E-11,3.25562675405937E-5,0.126986274719238,7.9999970703125,,29.696,34.1192966489846,0.87035791814553,0.0019,998.9870568,0.99973338842392,4.46067523956299,9.89999989542412E-6,2,1,7,4.43955047872305,4.43422743797074,,,,,,,,,,,,,,,,
,3945722385.11724,1810,18432,0,4.92221195714765,0.196268430724333,0.000346975181187263,,,0,0,,,0.0243859525578825,0.00185576151153262,0.00185619447378525,,0,4.76415779015288,5.00913462984196,0.0856603439772972,4.52622420410643E-5,4.52650703759309E-5,6.04997209862347E-11,4.52650098762099E-5,0.149756332397461,7.9999970703125,,29.696,32.6845117691323,0.90856489488839,0.0019,998.9870568,0.99973338842392,4.94772505760193,9.89999989542412E-6,2,1,7,4.91437804940341,4.9097709322465,,,,,,,,,,,,,,,,
,3945722443.74968,1810,18432,0,5.40535439145264,0.217872420327327,0.000415687475974176,,,0,0,,,0.0299221818365099,0.00206003202132794,0.0020604780429333,,0,5.24149747973143,5.48790834213244,0.0965238103901545,6.16478356701677E-5,6.16539986707861E-5,8.87354948190865E-11,6.16539099352912E-5,0.174800903320313,7.9999970703125,,29.696,31.5440899138254,0.941412482690922,0.0019,998.9870568,0.99973338842392,5.43574428558349,9.89999989542412E-6,2,1,7,5.39242541545608,5.38845155267098,,,,,,,,,,,,,,,,
,3945722502.43841,1810,18432,0,5.89319173864394,0.237685230097761,0.000459645350569028,,,0,0,,,0.0367531361459688,0.00224736652882665,0.00224783623226542,,0,5.7229103527371,5.97027059343815,0.112102565275464,8.26165595152108E-5,8.26150310782926E-5,1.31950202204857E-10,8.26148991280904E-5,0.202369918823242,7.9999970703125,,29.696,29.9085378526281,0.992893739785094,0.0019,998.9870568,0.99973338842392,5.9257664680481,9.89999989542412E-6,2,1,7,5.87623135870438,5.87181073472648,,,,,,,,,,,,,,,,
,3945722562.11103,1810,18432,0,6.38849593123539,0.256367494060463,0.000510037943788871,,,0,0,,,0.0439050267869563,0.00242401147515004,0.00242450253435979,,0,6.21313686727274,6.46281119330763,0.126411446522538,0.000106453154817167,0.00010644784871611,1.86889752792439E-10,0.000106447661826357,0.229738998413086,7.9999970703125,,29.696,28.5473101882041,1.04023811014849,0.0019,998.9870568,0.99973338842392,6.42328310012818,9.89999989542412E-6,2,1,7,6.36495692369908,6.36178215582499,,,,,,,,,,,,,,,,
,3945722621.5978,1810,18432,0,6.8828998650399,0.273633728886009,0.000558221688986598,,,0,0,,,0.0517489308598003,0.00258726755214664,0.00258778466736686,,0,6.7016498394577,6.96671995924163,0.142571698289356,0.000133917761876604,0.000133915089831619,2.60780081627286E-10,0.000133914829051538,0.257707946777344,7.9999970703125,,29.696,27.2717907046787,1.08889072674298,0.0019,998.9870568,0.99973338842392,6.92009282112121,9.89999989542412E-6,2,1,7,6.85467212305334,6.85185840849416,,,,,,,,,,,,,,,,
,3945722680.57314,1810,18432,0,7.3742232088793,0.288747712058377,0.000614814200348551,,,0,0,,,0.0600296451905887,0.00273017361275821,0.00273071117639149,,0,7.18769057626049,7.46742017957602,0.157155141440293,0.000163932347571752,0.000163923623036756,3.48784432231855E-10,0.000163923274252324,0.285151977539063,7.9999970703125,,29.696,26.2991144408695,1.12916349585717,0.0019,998.9870568,0.99973338842392,7.41016626358032,9.89999989542412E-6,2,1,7,7.33961357208226,7.33720290011266,,,,,,,,,,,,,,,,
,3945722739.65114,1810,18432,0,7.86746248988344,0.301129937197509,0.000630595747870127,,,0,0,,,0.0692942452450752,0.00284725029572517,0.00284781972609064,,0,7.6756411332257,7.97062295284403,0.176403822061389,0.000197339142581437,0.000197337518513488,4.71598021988088E-10,0.000197337046915466,0.312895965576172,7.9999970703125,,29.696,24.923965506413,1.19146369354263,0.0019,998.9870568,0.99973338842392,7.90253186225891,9.89999989542412E-6,2,1,7,7.82692263019278,7.82493336564644,,,,,,,,,,,,,,,,
,3945722798.62349,1810,18432,0,8.35909956619201,0.312005195843258,0.000640478423096332,,,0,0,,,0.0781848665733146,0.00295007827650772,0.00295067078541092,,0,8.16273769362247,8.47090313871763,0.190959996758858,0.000230685076132059,0.00023069780165913,6.05888549966371E-10,0.00023069719577058,0.338340454101562,7.9999970703125,,29.696,23.7771181425292,1.24893184371591,0.0019,998.9870568,0.99973338842392,8.39720678329468,9.89999989542412E-6,2,1,7,8.31553635172999,8.31325049117324,,,,,,,,,,,,,,,,
,3945722857.42402,1810,18432,0,8.85021286406811,0.321767989069265,0.000685266566926344,,,0,0,,,0.0876901461690264,0.00304238765019055,0.00304300967764189,,0,8.6496514338284,8.9716723169246,0.208088940770899,0.000266827686426122,0.000266841963426179,7.77033844060657E-10,0.000266841186392335,0.363909881591797,7.9999970703125,,29.696,23.0043813297895,1.29088453083262,0.0019,998.9870568,0.99973338842392,8.88781499862671,9.89999989542412E-6,2,1,7,8.80164833398204,8.80026771931247,,,,,,,,,,,,,,,,
,3945722917.84435,1810,18432,0,9.35399784938162,0.329844424551723,0.000685513829916928,,,0,0,,,0.0973446825090108,0.00311875213766013,0.00311937277240286,,0,9.14881027795891,9.4852066851889,0.213646520166909,0.000303656471064801,0.00030365435215681,9.2117663591575E-10,0.000303653430980174,0.388229614257812,7.9999970703125,,29.696,21.8914901220815,1.35650884587551,0.0019,998.9870568,0.99973338842392,9.38998889923096,9.89999989542412E-6,2,1,7,9.30153478375336,9.3001100332394,,,,,,,,,,,,,,,,
,3945722976.99717,1810,18432,0,9.84936710258864,0.336260538736216,0.000703284345654002,,,0,0,,,0.11045090032967,0.00317941791927991,0.00318006900479353,,0,9.63810357449646,9.99332808630225,0.236699004105162,0.000351248782955817,0.000351241484689922,1.1808305524544E-9,0.00035124030385937,0.4175732421875,7.9999970703125,,29.696,21.0247567068988,1.41243013719421,0.0019,998.9870568,0.99973338842392,9.87991714477541,9.89999989542412E-6,2,1,7,9.78817852671069,9.78659297311858,,,,,,,,,,,,,,,,
,3945723036.41633,1810,18432,0,10.3451223928532,0.341365497923281,0.000699572899486713,,,0,0,,,0.122307674301471,0.00322768643980732,0.00322836128466634,,0,10.1294091192556,10.4998628133512,0.25354186197848,0.00039485527212982,0.00039485336053245,1.45149377054112E-9,0.000394851909038679,0.442767791748047,7.9999970703125,,29.696,20.1526309451123,1.47355449920559,0.0019,998.9870568,0.99973338842392,10.3817825317382,9.89999989542412E-6,2,1,7,10.2830028590572,10.28311782481,,,,,,,,,,,,,,,,
,3945723096.00185,1810,18432,0,10.8420699286714,0.344762844580059,0.000664202818091787,,,0,0,,,0.134667037056626,0.00325980910540217,0.00326050097357274,,0,10.621705895044,11.0076408261575,0.267750297905282,0.000439091290011279,0.000439082005431284,1.73763326301425E-9,0.000439080267798021,0.466937530517578,7.9999970703125,,29.696,19.0522967718792,1.5586572241427,0.0019,998.9870568,0.99973338842392,10.8724813461304,9.89999989542412E-6,2,1,7,10.7706729584937,10.7712860232896,,,,,,,,,,,,,,,,
,3945723154.68479,1810,18432,0,11.332855360205,0.347248010043336,0.00066109359101433,,,0,0,,,0.14806619093388,0.00328330689564545,0.00328401300212336,,0,11.1071846734234,11.5106028103998,0.281943704496175,0.000486238622357021,0.000486251296201741,2.05845587711373E-9,0.000486249237745864,0.4914072265625,7.9999970703125,,29.696,18.2769765811405,1.62477638837938,0.0019,998.9870568,0.99973338842392,11.3634552955627,9.89999989542412E-6,2,1,7,11.25769461185,11.2586333620902,,,,,,,,,,,,,,,,
,3945723214.24917,1810,18432,0,11.8326297811861,0.34866647481995,0.000629906427706985,,,0,0,,,0.162638148744575,0.00329671879448313,0.00329745118411222,,0,11.601643564962,12.0230778714442,0.301684782176258,0.000536302026258374,0.000536291356159618,2.48134686612104E-9,0.000536288874812752,0.516101867675781,7.9999970703125,,29.696,17.3878386517843,1.7078603381768,0.0019,998.9870568,0.99973338842392,11.8572039604187,9.89999989542412E-6,2,1,7,11.7506938682256,11.7518558885873,,,,,,,,,,,,,,,,
,3945723273.05215,1810,18432,0,12.323347663991,0.350440602327019,0.000642627905339225,,,0,0,,,0.176111005819991,0.0033134935632629,0.00331424779954244,,0,12.0875079255512,12.5254409819605,0.316942242986135,0.00058366061853409,0.000583675513514113,2.91017996244409E-9,0.00058367260333415,0.538447021484375,7.9999970703125,,29.696,16.8068814802079,1.76689530624527,0.0019,998.9870568,0.99973338842392,12.3475203514099,9.89999989542412E-6,2,1,7,12.2359316702645,12.2364676438254,,,,,,,,,,,,,,,,
,3945723331.34908,1810,18432,0,12.8101893592097,0.350186487167915,0.000608020850210794,,,0,0,,,0.190910822640856,0.00331109084811396,0.00331188098245382,,0,12.5699398541904,13.0245770962158,0.3397653239962,0.000632254809161817,0.000632273922848866,3.4901273127656E-9,0.000632270432721554,0.560442260742188,7.9999970703125,,29.696,16.0079789259526,1.85507490591807,0.0019,998.9870568,0.99973338842392,12.8371105194091,9.89999989542412E-6,2,1,7,12.7198403712946,12.7215109306829,,,,,,,,,,,,,,,,
,3945723390.72549,1810,18432,0,13.3052408151963,0.347833531163067,0.000504831600649416,,,0,0,,,0.204794357070868,0.00328884312760174,0.00328964840201976,,0,13.0613280362771,13.5293334114857,0.350918789971887,0.000673716801385156,0.000673701429480843,3.97866478269305E-9,0.00067369745081606,0.578538330078125,7.9999970703125,,29.696,14.7882171203285,2.00808520448206,0.0019,998.9870568,0.99973338842392,13.3289370536804,9.89999989542412E-6,2,1,7,13.2103456450921,13.2123461316586,,,,,,,,,,,,,,,,
,3945723450.06176,1810,18432,0,13.800405347068,0.349692276407808,0.000561281231149519,,,0,0,,,0.21769989014805,0.00330641797584506,0.0033072509077393,,0,13.5528004522967,14.0355478992028,0.365106792669305,0.000720006020737403,0.000719988159306882,4.57578532099867E-9,0.000719983583521561,0.598109069824219,7.9999970703125,,29.696,14.6036876132717,2.03345899928814,0.0019,998.9870568,0.99973338842392,13.8235402107238,9.89999989542412E-6,2,1,7,13.699554079991,13.7022536054072,,,,,,,,,,,,,,,,
,3945723509.24049,1810,18432,0,14.2943712612105,0.348605828443739,0.000537199361223408,,,0,0,,,0.232994734173789,0.00329614536955498,0.0032970101435245,,0,14.0422000872157,14.5415125724296,0.38440056691533,0.000768208688763327,0.000768186001958778,5.31901401799299E-9,0.00076818068294476,0.617829833984375,7.9999970703125,,29.696,13.9671001850585,2.12613925629085,0.0019,998.9870568,0.99973338842392,14.3198046684265,9.89999989542412E-6,2,1,7,14.1908120071585,14.19408090339,,,,,,,,,,,,,,,,
,3945723568.84822,1810,18432,0,14.7919144647761,0.3468166427753,0.000503537023445443,,,0,0,,,0.247724477545574,0.00327922822252211,0.0032801159667984,,0,14.535148394778,15.0499120612138,0.397940540878789,0.000812581023165986,0.00081256501416403,6.03219523996943E-9,0.00081255898196879,0.635450988769531,7.9999970703125,,29.696,13.3169433992098,2.22994114413389,0.0019,998.9870568,0.99973338842392,14.8153262138366,9.89999989542412E-6,2,1,7,14.6840494723143,14.6870371569108,,,,,,,,,,,,,,,,
,3945723628.54594,1810,18432,0,15.285676568459,0.34362565949539,0.000457907887983143,,,0,0,,,0.264420880358993,0.00324905676839193,0.00325001393346635,,0,15.029007745098,15.5553792099178,0.434754329251323,0.0008593423596937,0.000859371545466167,7.34321836852031E-9,0.000859364202247798,0.653522033691406,7.9999970703125,,29.696,12.5598202531565,2.36436504674793,0.0019,998.9870568,0.99973338842392,15.3020672798156,9.89999989542412E-6,2,1,7,15.1667091917179,15.1703271504011,,,,,,,,,,,,,,,,
,3945723687.9664,1810,18432,0,15.8327425572294,0.344649967546224,0.000483420061324968,,,0,0,,,0.270851324229035,0.00325874182803028,0.00325984285673931,,0,15.512223181085,16.1140811147805,0.483125972020007,0.000882909856277709,0.000882932754526403,9.37088966905103E-9,0.000882923383636734,0.662445129394531,7.9999970703125,,29.696,10.9757029344381,2.70561258603526,0.0019,998.9870568,0.99973338842392,15.8450078964234,9.89999989542412E-6,2,1,7,15.6894284064338,15.6977778551454,,,,,,,,,,,,,,,,
,3945723747.54832,1810,18432,0,16.2621142353575,0.3465696939559,0.000441697825573668,,,0,0,,,0.267097257856698,0.00327689326670334,0.00327783223731117,,0,16.0054488256363,16.5325267522279,0.390940293340005,0.000875491284037923,0.000875500002300098,7.55690504121869E-9,0.000875492445395057,0.659670715332031,7.9999970703125,,29.696,11.7791482628842,2.52106513452856,0.0019,998.9870568,0.99973338842392,16.2816667556762,9.89999989542412E-6,2,1,7,16.1518617542685,16.1548287159244,,,,,,,,,,,,,,,,
,3945723807.58297,1810,18432,0,16.8513824232936,0.370910554663075,0.000356686256709322,,,0,0,,,0.280513741418642,0.00350704149936229,0.00350795056716116,,0,16.4942259562176,17.1502769224374,0.376438776630838,0.000984028344403763,0.000984028338306024,7.66271291976433E-9,0.000984020675593105,0.699387084960937,7.9999970703125,,29.696,12.4400420601921,2.38713019267248,0.0019,998.9870568,0.99973338842392,16.832899093628,9.89999989542412E-6,2,1,7,16.7045479804227,16.708612140853,,,,,,,,,,,,,,,,
,3945723867.58312,1810,18432,0,17.3903037679224,0.377068167603513,0.000397783908109322,,,0,0,,,0.323235560652473,0.00356526309442783,0.00356629308780282,,0,17.0482318793032,17.7402415027392,0.466723592412549,0.0011527685417192,0.00115275274568698,1.08153315647334E-8,0.00115274193035542,0.756999572753906,7.9999970703125,,29.696,12.655462384935,2.34649664285281,0.0291570073693118,998.9870568,0.99973338842392,17.3051948547363,9.89999989542412E-6,2,1,7,17.2072469890623,17.2056678334677,,,,,,,,,,,,,,,,
,3945723926.56958,1810,18432,0,17.8173779758606,0.334751954991188,0.000354614891596752,,,0,0,,,0.38552080511622,0.00316515392562279,0.00316622323091373,,0,17.5129990635659,18.1839560269201,0.552867978822988,0.00122065665166482,0.00122064492915954,1.3902851407638E-8,0.00122063102630813,0.778994812011719,7.9999970703125,,29.696,10.0716275686838,2.94848074926193,0.00213459154970146,998.9870568,0.99973338842392,17.8078155517578,9.89999989542412E-6,2,1,7,17.6613830769774,17.6691584939227,,,,,,,,,,,,,,,,
,3945723985.40536,1810,18432,0,18.2943888997945,0.331609475865178,0.000327417477799459,,,0,0,,,0.382705862044943,0.00313544108901772,0.00313654798635445,,0,17.9944121563153,18.6528216331008,0.543233261420536,0.00120039169205034,0.00120037530096311,1.47711165220381E-8,0.00120036052984658,0.772521240234375,7.9999970703125,,29.696,9.62147487891886,3.0864290946771,0.0019,998.9870568,0.99973338842392,18.3023872375488,9.89999989542412E-6,2,1,7,18.1453039527187,18.1542326005303,,,,,,,,,,,,,,,,
,3945724045.50458,1810,18432,0,18.787982956679,0.328754982183661,0.000307252837168686,,,0,0,,,0.38800403354078,0.00310845121861664,0.00310958622888262,,0,18.4878632685613,19.1460714327753,0.539671023688801,0.00120656066207059,0.00120653199944932,1.57747964384302E-8,0.00120651622465288,0.774520812988281,7.9999970703125,,29.696,9.21595157935887,3.2222391517888,0.0019,998.9870568,0.99973338842392,18.8021545410157,9.89999989542412E-6,2,1,7,18.639028569576,18.6488913929222,,,,,,,,,,,,,,,,
,3945724105.44797,1810,18432,0,19.28445967078,0.326341497017363,0.000289878830550316,,,0,0,,,0.399547780935251,0.00308563118146782,0.00308680687656756,,0,18.9817619229441,19.6485873277016,0.550153923196589,0.00123332491471136,0.00123332683770824,1.73594965880794E-8,0.00123330947821165,0.783093933105469,7.9999970703125,,29.696,8.83330603385827,3.36182171048694,0.0019,998.9870568,0.99973338842392,19.3049726486206,9.89999989542412E-6,2,1,7,19.1349859923979,19.1459120970403,,,,,,,,,,,,,,,,
,3945724165.43505,1810,18432,0,19.7823573520638,0.324044135161863,0.000271097882773245,,,0,0,,,0.412745783416139,0.00306390911595904,0.00306512456657096,,0,19.4761716213479,20.1537890249404,0.561686215619954,0.00126513761834219,0.00126511724049738,1.90810259358757E-8,0.00126509815947145,0.793141784667969,7.9999970703125,,29.696,8.45172554959272,3.51360202431455,0.0019,998.9870568,0.99973338842392,19.8024044036866,9.89999989542412E-6,2,1,7,19.6286018420955,19.6401927845127,,,,,,,,,,,,,,,,
,3945724225.48134,1810,18432,0,20.2806405213186,0.321083934416489,0.000248916686761478,,,0,0,,,0.42834458433891,0.0030359197618413,0.00303715730848085,,0,19.9703494622324,20.6602518885553,0.567516786960152,0.00130091224851478,0.00130094988487311,2.05667543255746E-8,0.00130092931811879,0.804314331054687,7.9999970703125,,29.696,8.03831876450303,3.69430485030484,0.0019,998.9870568,0.99973338842392,20.3001050949097,9.89999989542412E-6,2,1,7,20.1237859686444,20.1360039499551,,,,,,,,,,,,,,,,
,3945724285.22633,1810,18432,0,20.7779615216269,0.318229363191926,0.000235062639418592,,,0,0,,,0.447742888218239,0.00300892915825354,0.00301020581955753,,0,20.4620278297042,21.1698193596644,0.585582291682545,0.00134783132618389,0.00134779824778004,2.27628742073678E-8,0.00134777548490584,0.818686218261719,7.9999970703125,,29.696,7.71479188488163,3.84922891545449,0.005085911130038,998.9870568,0.99973338842392,20.7988433837891,9.89999989542412E-6,2,1,7,20.6170534726058,20.6303973951845,,,,,,,,,,,,,,,,
,3945724345.10624,1810,18432,0,21.2811223873479,0.314434251285321,0.000220701680370429,,,0,0,,,0.467739663643185,0.00297304553406474,0.00297436544670537,,0,20.9554481980275,21.685986431498,0.606539433228303,0.00139124920078933,0.00139122869359388,2.52706400942974E-8,0.00139120342295379,0.831789245605469,7.9999970703125,,30.72,7.61084596202417,4.03634499414172,0.00742853070830766,998.9870568,0.99973338842392,21.3048820495606,9.89999989542412E-6,2,1,7,21.1221717745375,21.1307899745668,,,,,,,,,,,,,,,,
,3945724406.6119,1810,18432,0,21.7968315020329,0.311077221683598,0.000209842908681849,,,0,0,,,0.485346497910418,0.00294130407516093,0.0029426758231291,,0,21.4622416773677,22.2128645639347,0.627044727993393,0.00142780684266433,0.00142821740524136,2.80562677166762E-8,0.00142818934897365,0.842791381835938,7.9999970703125,,31.744,7.50848900789662,4.22774808175321,0.0019,998.9870568,0.99973338842392,21.8218441009521,9.89999989542412E-6,2,1,7,21.6330396810626,21.6435439105196,,,,,,,,,,,,,,,,
,3945724469.1505,1810,18432,0,22.3203250925011,0.307724370466912,0.000198147477749187,,,0,0,,,0.501143538924352,0.00290960212381369,0.00291100661759871,,0,21.9777323905946,22.7454845401497,0.635487498613195,0.00145880711265128,0.00145883215817562,3.02670093027511E-8,0.00145880189116632,0.851793151855469,7.9999970703125,,32.768,7.37552603116434,4.44280175563655,0.00280978028184974,998.9870568,0.99973338842392,22.3474340438843,9.89999989542412E-6,2,1,7,22.1532547313086,22.1652580991866,,,,,,,,,,,,,,,,
,3945724532.68606,1810,18432,0,22.8524299736024,0.304363676624418,0.000185548098454333,,,0,0,,,0.520121574717777,0.00287782601870128,0.0028792723577161,,0,22.5008005793559,23.2890155162185,0.650892652076411,0.00149799787094681,0.00149757167273666,3.30952306429541E-8,0.00149753857750602,0.863045349121094,7.9999970703125,,33.792,7.23283702950807,4.67202563283778,0.0019,998.9870568,0.99973338842392,22.8821802139282,9.89999989542412E-6,2,1,7,22.6809276007198,22.6939825216126,,,,,,,,,,,,,,,,
,3945724597.54276,1810,18432,0,23.3995217502698,0.300849361629745,0.000179962396376026,,,0,0,,,0.540282166049305,0.0028445973915479,0.00284610113475241,,0,23.0336006485093,23.850850533402,0.675218332760501,0.00153746777199527,0.00153769768587942,3.67477929161394E-8,0.0015376609380865,0.874547607421875,7.9999970703125,,35.84,7.31615374345508,4.8987488859241,0.00873525081530822,998.9870568,0.99973338842392,23.4302167892456,9.89999989542412E-6,2,1,7,23.2212904391853,23.2351297374393,,,,,,,,,,,,,,,,
,3945724663.56993,1810,18432,0,23.9551631815639,0.29599537526441,0.000165363350500795,,,0,0,,,0.560155670659264,0.00279870187467314,0.00280024049729911,,0,23.5762010044913,24.4186630475896,0.687474612200123,0.00156817674993622,0.00156857059377182,3.96918332250743E-8,0.00156853090193859,0.88329931640625,7.9999970703125,,37.888,7.29739641087696,5.19198874046735,0.00456160584016902,998.9870568,0.99973338842392,23.9892883300782,9.89999989542412E-6,2,1,7,23.773141564092,23.7887419383083,,,,,,,,,,,,,,,,
,3945724733.10926,1810,18432,0,24.5398643119591,0.292621898294488,0.00016170590182813,,,0,0,,,0.579481913596391,0.00276680490225777,0.00276839641566868,,0,24.1465278827941,25.0167918593356,0.705176161412826,0.00160414170762711,0.00160423565254508,4.35019657194759E-8,0.00160419215057936,0.89330126953125,7.9999970703125,,39.936,7.31577474554982,5.45888868766675,0.0119421181535927,998.9870568,0.99973338842392,24.5763883590698,9.89999989542412E-6,2,1,7,24.3523576504219,24.3701498863862,,,,,,,,,,,,,,,,
,3945724805.11894,1810,18432,0,25.1450061021864,0.288399738928045,0.00015181588854843,,,0,0,,,0.600833384400077,0.00272688344968953,0.00272853314969119,,0,24.7377641355402,25.6348588895494,0.725391911861248,0.00163951975628794,0.00163939380677676,4.79285153920072E-8,0.00163934587826137,0.90305322265625,7.9999970703125,,41.984,7.27002076869244,5.77494911442338,0.0019,998.9870568,0.99973338842392,25.1867294311524,9.89999989542412E-6,2,1,7,24.9523291967987,24.9716623475034,,,,,,,,,,,,,,,,
,3945724878.76547,1810,18432,0,25.7628497983439,0.28511475347013,0.000145255127645953,,,0,0,,,0.619891821422704,0.00269582318413259,0.00269753566493139,,0,25.3423185711146,26.2646682361156,0.74350235743589,0.00167211681463713,0.00167218029668702,5.26386152680091E-8,0.00167212765807175,0.912054931640625,7.9999970703125,,44.032,7.23447602248702,6.08641176819644,0.0019,998.9870568,0.99973338842392,25.8074779510498,9.89999989542412E-6,2,1,7,25.564596858399,25.5850174602515,,,,,,,,,,,,,,,,
,3945724954.40152,1810,18432,0,26.3971799252767,0.281094634137254,0.000138048591648438,,,0,0,,,0.641184960963054,0.00265781206485993,0.00265959337426723,,0,25.9626444464261,26.9114079004533,0.764786471767721,0.00170522249315277,0.00170529127385713,5.8121553258838E-8,0.00170523315230387,0.921056701660156,7.9999970703125,,46.08,7.15692666926128,6.43851783446543,0.00252234001201631,998.9870568,0.99973338842392,26.4472389221192,9.89999989542412E-6,2,1,7,26.192719126525,26.2147397209883,,,,,,,,,,,,,,,,
,3945725032.03112,1810,18432,0,27.0524176361061,0.27778983305794,0.000136449963984281,,,0,0,,,0.660447251021142,0.00262656443821092,0.0026284071199622,,0,26.5995960308109,27.5801803630023,0.78063411480559,0.0017355367884345,0.00173592425694343,6.33176842295828E-8,0.0017358609392592,0.929308288574219,7.9999970703125,,49.152,7.25513795724328,6.7747850267862,0.0108658406408574,998.9870568,0.99973338842392,27.1083498001098,9.89999989542412E-6,2,1,7,26.8441467805871,26.8697278835241,,,,,,,,,,,,,,,,
,3945725113.34621,1810,18432,0,27.7345115876165,0.274642585240912,0.000132969211793788,,,0,0,,,0.681332747836367,0.00259680651257539,0.00259873116450228,,0,27.2668628486379,28.2746975334671,0.802534711532839,0.00177032369119645,0.00177060064519834,7.01232883119766E-8,0.00177053052191003,0.938560180664063,7.9999970703125,,51.2,7.16414854780951,7.1466971487707,0.0436224005097728,998.9870568,0.99973338842392,27.7915630340576,9.89999989542412E-6,2,1,7,27.5187875942033,27.5458596591184,,,,,,,,,,,,,,,,
,3945725196.28839,1810,18432,0,28.433750592785,0.270703264565622,0.000129054582954715,,,0,0,,,0.703779659876049,0.00255955936251765,0.00256154503556911,,0,27.9481596561223,28.9870621675993,0.817345742435922,0.00180314368947674,0.00180276329389001,7.61723150170324E-8,0.001802687121575,0.947061828613281,7.9999970703125,,54.272,7.15981103714613,7.58008831775435,0.00631456432130278,998.9870568,0.99973338842392,28.4942541122437,9.89999989542412E-6,2,1,7,28.2121812660922,28.2414213192931,,,,,,,,,,,,,,,,
,3945725283.25007,1810,18432,0,29.1663163355953,0.267871469087522,0.000127418544481301,,,0,0,,,0.726648460800201,0.00253278410866048,0.00253484843905697,,0,28.6609116994375,29.7345647100525,0.83690779836752,0.00184209717065096,0.00184194371660254,8.36997718164779E-8,0.00184186001683072,0.957313781738281,7.9999970703125,,57.344,7.14711878699662,8.02337301351853,0.0151253423675931,998.9870568,0.99973338842392,29.2340688705444,9.89999989542412E-6,2,1,7,28.9384617318481,28.9709934963964,,,,,,,,,,,,,,,,
,3945725373.32695,1810,18432,0,29.9251530646853,0.264742203915814,0.000126867986613234,,,0,0,,,0.75178431422485,0.00250319621292196,0.00250535720268423,,0,29.3996499999971,30.5093122715795,0.863517980416926,0.00188385056278192,0.00188348824650825,9.31608937328515E-8,0.00188339508561452,0.96806591796875,7.9999970703125,,60.416,7.11629917977091,8.48980607388473,0.0264306982089756,998.9870568,0.99973338842392,29.9996919631958,9.89999989542412E-6,2,1,7,29.6901298497256,29.7250119487569,,,,,,,,,,,,,,,,
,3945725466.47282,1810,18432,0,30.7115628899525,0.261245475050213,0.000127701609647094,,,0,0,,,0.776815210969187,0.00247013386651659,0.00247237620083951,,0,30.1623009010866,31.3117314677184,0.882672882629542,0.00192082635461221,0.00192057944005034,1.01992807743712E-7,0.0019204774472426,0.977567749023437,7.9999970703125,,64.512,7.15908459860422,9.01120794306268,0.0241574852565278,998.9870568,0.99973338842392,30.791446685791,9.89999989542412E-6,2,1,7,30.4695670659463,30.5090577623137,,,,,,,,,,,,,,,,
,3945725564.92568,1810,18432,0,31.5427586436931,0.258402848686987,0.000128686948705936,,,0,0,,,0.802657288720395,0.00244325620424011,0.00244561887084242,,0,30.9680282978425,32.1604049907901,0.913792667008469,0.00196265419874131,0.00196299381211381,1.14452156796268E-7,0.00196287935995702,0.988319885253906,7.9999970703125,,68.608,7.190126878965,9.54197348042847,0.040869066170139,998.9870568,0.99973338842392,31.6308393478393,9.89999989542412E-6,2,1,7,31.2915975742563,31.3345041278518,,,,,,,,,,,,,,,,
,3945725667.69848,1810,18432,0,32.4081868894959,0.255397377709581,0.00013111377918018,,,0,0,,,0.826475882344554,0.00241483881004526,0.00241730543813213,,0,31.8093877632413,33.0400246079177,0.932957043389521,0.00199789114301124,0.00199784464487654,1.25959812842102E-7,0.0019977186850637,0.997071594238281,7.9999970703125,,72.704,7.17807301803848,10.1286236316202,0.0463365117718354,998.9870568,0.99973338842392,32.5045795440674,9.89999989542412E-6,2,1,7,32.1491458416356,32.1956096646556,,,,,,,,,,,,,,,,
,3945725774.04939,1810,18432,0,33.3038922887058,0.252554932785104,0.000133636790807164,,,0,0,,,0.853395065212055,0.00238796286331236,0.00239054831752081,,0,32.6799027208213,33.9524338447693,0.957859303565257,0.0020399111292558,0.00204008213732324,1.39840611054673E-7,0.00203994229671218,1.00757366943359,7.9999970703125,,76.8,7.14372390252225,10.7506954423146,0.054456210767412,998.9870568,0.99973338842392,33.4087028503418,9.89999989542412E-6,2,1,7,33.0360635165625,33.0868060814746,,,,,,,,,,,,,,,,
,3945725884.5754,1810,18432,0,34.233263151047,0.250006418190042,0.000137873601749534,,,0,0,,,0.880501161196566,0.00236386609298796,0.00236658594804372,,0,33.5838207469282,34.8988999237878,0.984930677992736,0.00208401793105627,0.00208378167532397,1.55974170733129E-7,0.00208362570115323,1.01832580566406,7.9999970703125,,80.896,7.09524290861155,11.4014419297493,0.0952609051451126,998.9870568,0.99973338842392,34.3471794128418,9.89999989542412E-6,2,1,7,33.9569680705764,34.0120392999849,,,,,,,,,,,,,,,,
,3945726000.41946,1810,18432,0,35.2110186610558,0.247417098804138,0.000142026299185638,,,0,0,,,0.908507694143667,0.00233938350432257,0.00234223950015159,,0,34.5308368146933,35.8947547755918,1.01045274821801,0.00212828170812517,0.00212794260741494,1.73287837309021E-7,0.00212776931957763,1.02907800292969,7.9999970703125,,86.016,7.10639580172799,12.1040260632661,0.104064209972671,998.9870568,0.99973338842392,35.3341979980468,9.89999989542412E-6,2,1,7,34.9256129523641,34.9849347489253,,,,,,,,,,,,,,,,
,3945726121.59157,1810,18432,0,36.2323367272571,0.244479737785798,0.000147100469689424,,,0,0,,,0.940435742253733,0.00231161010488592,0.00231461221057807,,0,35.5208118240071,36.9352389425419,1.03920965650311,0.00217625033394636,0.00217674405228454,1.93290153377598E-7,0.00217655076213116,1.04083032226562,7.9999970703125,,91.136,7.07822288476475,12.8755482108598,0.107745577084003,998.9870568,0.99973338842392,36.3639545440674,9.89999989542412E-6,2,1,7,35.9351298006853,35.9996555417231,,,,,,,,,,,,,,,,
,3945726247.60366,1810,18432,0,37.2982904772456,0.241626783787186,0.000152585436260716,,,0,0,,,0.973489890053167,0.00228463479252795,0.00228780363681536,,0,36.550576256905,38.0226139270809,1.07234260789647,0.00222676392297302,0.00222715371086662,2.16956851156326E-7,0.00222693675401547,1.05283264160156,7.9999970703125,,97.28,7.08985566008582,13.721012763019,0.142080344872078,998.9870568,0.99973338842392,37.4393367767334,9.89999989542412E-6,2,1,7,36.9901304342151,37.0606983461092,,,,,,,,,,,,,,,,
,3945726380.69194,1810,18432,0,38.4220564437436,0.239258087734542,0.000159649705152152,,,0,0,,,1.00459193151975,0.00226223824637535,0.00226559320341115,,0,37.6377912404679,39.1666694484441,1.10428032550884,0.00227555193830811,0.00227599665225282,2.43792231221186E-7,0.0022757528600216,1.06433483886719,7.9999970703125,,103.424,7.0942270525212,14.5786143062963,0.16431629094832,998.9870568,0.99973338842392,38.578519821167,9.89999989542412E-6,2,1,7,38.1038904622703,38.1811307826988,,,,,,,,,,,,,,,,
,3945726521.17722,1810,18432,0,39.6062087696407,0.236643214134138,0.000167327270434949,,,0,0,,,1.03761342742859,0.00223751403694827,0.00224107170919215,,0,38.7846653993742,40.3709704239234,1.13710004612214,0.00232585529258555,0.00232536609728812,2.74613841234328E-7,0.00232509148344689,1.07583703613281,7.9999970703125,,109.568,7.0507829436808,15.5398344942953,0.206744822415325,998.9870568,0.99973338842392,39.7754421234131,9.89999989542412E-6,2,1,7,39.2759489819565,39.3598198299847,,,,,,,,,,,,,,,,
,3945726668.06672,1810,18432,0,40.8473242929028,0.233938021291307,0.000176328912085795,,,0,0,,,1.07299885878531,0.00221193583906656,0.00221570379061582,,0,39.9840069413457,41.6339636006192,1.16987091932918,0.00237760167558182,0.00237744763873705,3.0870410490949E-7,0.00237713893463214,1.08783947753906,7.9999970703125,,116.736,7.03657901685933,16.5898797867978,0.219404801929749,998.9870568,0.99973338842392,41.0283126831055,9.89999989542412E-6,2,1,7,40.5031355354292,40.5931755419529,,,,,,,,,,,,,,,,
,3945726821.85391,1810,18432,0,42.1493793855591,0.231280280649324,0.000186374312589549,,,0,0,,,1.11074073953967,0.00218680631226072,0.00219080471482602,,0,41.239625607206,42.9599876788804,1.20576786310115,0.00243389163768527,0.00243341604913285,3.4815763106798E-7,0.00243306789150179,1.10059204101562,7.9999970703125,,124.928,7.05178953256466,17.7157868117152,0.255276130432338,998.9870568,0.99973338842392,42.3415241241455,9.89999989542412E-6,2,1,7,41.7909682864113,41.888394926144,,,,,,,,,,,,,,,,
,3945726984.30327,1810,18432,0,43.5226367653422,0.229054224935498,0.000197184239886321,,,0,0,,,1.14849916874805,0.00216575846212507,0.00217001677525978,,0,42.564980205557,44.3572866453701,1.24295368830051,0.00249266228653374,0.00249226246255519,3.94150801516128E-7,0.00249186831175367,1.11384460449219,7.9999970703125,,133.12,7.04677760903052,18.8909040962787,0.292249810489359,998.9870568,0.99973338842392,43.7336292266846,9.89999989542412E-6,2,1,7,43.1496002806213,43.255328228717,,,,,,,,,,,,,,,,
,3945727156.38738,1810,18432,0,44.9790197358377,0.226626735306134,0.000209615249103472,,,0,0,,,1.18992311851948,0.00214280600967414,0.00214736658860649,,0,43.9676019050613,45.8401274510314,1.28798003131487,0.0025551482312995,0.00255520114771917,4.507584397534E-7,0.00255475038927942,1.12784729003906,7.9999970703125,,142.336,7.04946680816056,20.1910305947153,0.333742180149483,998.9870568,0.99973338842392,45.206377029419,9.89999989542412E-6,2,1,7,44.5899365571846,44.7037893043793,,,,,,,,,,,,,,,,
,3945727337.55786,1810,18432,0,46.5098828987205,0.224564618548916,0.000223032382542193,,,0,0,,,1.22951241769671,0.00212330823870706,0.00212817769930146,,0,45.4454403399683,47.3958645015843,1.32471433823002,0.00261609697975844,0.00261662090835636,5.10879668648581E-7,0.00261611002868771,1.14134997558594,7.9999970703125,,151.552,7.03518470505977,21.5420072611601,0.394464096123248,998.9870568,0.99973338842392,46.7570686340332,9.89999989542412E-6,2,1,7,46.1064189701855,46.2309221819321,,,,,,,,,,,,,,,,
,3945727529.30672,1810,18432,0,48.1332939307897,0.222191944141484,0.000238264599386387,,,0,0,,,1.27576879076254,0.00210087407632821,0.00210609041165714,,0,47.0086449578587,49.0483567134515,1.3694922643416,0.00268632904119598,0.00268688441771641,5.83726838441616E-7,0.00268630069087796,1.15660302734375,7.9999970703125,,161.792,7.02084072272766,23.0445336092374,0.439381314753986,998.9870568,0.99973338842392,48.3960933685303,9.89999989542412E-6,2,1,7,47.7110218622023,47.8457527047263,,,,,,,,,,,,,,,,
,3945727732.27783,1810,18432,0,49.8529033826247,0.219912163617721,0.000255235600095837,,,0,0,,,1.32398420751241,0.00207931824620756,0.00208493196706775,,0,48.6633898374995,50.7989094949823,1.41932615159831,0.00275997373083265,0.00276041699813549,6.71334001269655E-7,0.00275974566413422,1.17235607910156,7.9999970703125,,173.056,7.01728192840806,24.6614004917513,0.478978173083109,998.9870568,0.99973338842392,50.135799407959,9.89999989542412E-6,2,1,7,49.4118773115859,49.5577543224804,,,,,,,,,,,,,,,,
,3945727946.93086,1810,18432,0,51.6722997281968,0.217570486585219,0.000274403076285554,,,0,0,,,1.37402868327064,0.00205717717087863,0.00206322185030944,,0,50.4127504727593,52.6500229805733,1.46871091044,0.00283457614122845,0.00283492600227589,7.71557001049736E-7,0.00283415444527484,1.18810900878906,7.9999970703125,,185.344,7.01521462990042,26.4202892966414,0.533716970470734,998.9870568,0.99973338842392,51.9766387939453,9.89999989542412E-6,2,1,7,51.2100402493581,51.367786895976,,,,,,,,,,,,,,,,
,3945728174.90854,1810,18432,0,53.6055378921453,0.215472170333025,0.00029560370470728,,,0,0,,,1.42572479668568,0.00203733712566365,0.00204389980664762,,0,52.2697878807283,54.6168536736664,1.52804551971006,0.00291354175689159,0.00291403863627858,8.97545724437835E-7,0.00291314109055414,1.20461242675781,7.9999970703125,,198.656,7.03367868695733,28.2435420839413,0.614438595026854,998.9870568,0.99973338842392,53.9333572387695,9.89999989542412E-6,2,1,7,53.1204120731268,53.2908746340209,,,,,,,,,,,,,,,,
,3945728417.38434,1810,18432,0,55.6558661620652,0.213309612837897,0.000319349735984767,,,0,0,,,1.47755903157411,0.00201688966525892,0.0020239715206654,,0,54.2440769234309,56.6990885441797,1.57425565851305,0.00299043510832314,0.00299053740000794,1.03049214100155E-6,0.00298950690786694,1.22036547851563,7.9999970703125,,211.968,7.00656497189671,30.2527702019752,0.667848230930897,998.9870568,0.99973338842392,56.009521484375,9.89999989542412E-6,2,1,7,55.1492634429543,55.3333492430249,,,,,,,,,,,,,,,,
,3945728674.0425,1810,18432,0,57.8334953408058,0.210995694435699,0.000345961624359692,,,0,0,,,1.53873197680427,0.00199501105393167,0.00200273475561102,,0,56.3335396877369,58.917056012783,1.64307249242558,0.00308117009144031,0.00308167200951597,1.20818586262894E-6,0.00308046382365334,1.238869140625,7.9999970703125,,227.328,7.02507648316817,32.3595053441297,0.755824132109158,998.9870568,0.99973338842392,58.2168235778809,9.89999989542412E-6,2,1,7,57.3026646386462,57.5022444801813,,,,,,,,,,,,,,,,
,3945728947.04214,1810,18432,0,60.144503825094,0.208763028630053,0.000375874598033666,,,0,0,,,1.59806157683788,0.00197390070391286,0.00198229951714441,,0,58.5559155892446,61.2648787753675,1.70061778940966,0.00316788409264665,0.00316783669213275,1.40302144366602E-6,0.00316643367068909,1.25612243652344,7.9999970703125,,242.688,7.00622523264239,34.6389092473509,0.832901740104552,998.9870568,0.99973338842392,60.5538005828857,9.89999989542412E-6,2,1,7,59.5883420548328,59.803533520854,,,,,,,,,,,,,,,,
,3945729236.99879,1810,18432,0,62.6070228165389,0.206558519156645,0.00040983059401354,,,0,0,,,1.66345522653701,0.00195305657825566,0.00196224916629406,,0,60.918417409332,63.7693603580327,1.77094574330624,0.00326443674855871,0.00326411363143976,1.64768196261066E-6,0.00326246594947715,1.27512609863281,7.9999970703125,,260.096,7.01845723573093,37.0588565640683,0.924050175537572,998.9870568,0.99973338842392,63.0448589324951,9.89999989542412E-6,2,1,7,62.0237909169314,62.2565610983432,,,,,,,,,,,,,,,,
,3945729545.53777,1810,18432,0,65.2284682828081,0.204704990559164,0.000448396049108782,,,0,0,,,1.72852737373303,0.00193553105456835,0.00194564165626698,,0,63.4341815209316,66.4337666643088,1.84502800599637,0.0033629661677292,0.00336309486233275,1.94345661260587E-6,0.00336115140572014,1.29438000488281,7.9999970703125,,278.528,7.0508420741355,39.5027993921067,1.0483603977166,998.9870568,0.99973338842392,65.6981239318847,9.89999989542412E-6,2,1,7,64.6149045144099,64.8660747596947,,,,,,,,,,,,,,,,
,3945729874.8191,1810,18432,0,68.0215417214738,0.202590276605723,0.000491566469512233,,,0,0,,,1.79838915884052,0.00191553596545385,0.00192663177452187,,0,66.1210975967103,69.2708837725832,1.91429174538247,0.00346501244508588,0.0034648336963778,2.28208697216684E-6,0.00346255160940563,1.3138837890625,7.9999970703125,,296.96,7.03718442889254,42.198695089015,1.15191080912841,998.9870568,0.99973338842392,68.5240859985352,9.89999989542412E-6,2,1,7,67.3784785544293,67.6488051501218,,,,,,,,,,,,,,,,
,3945730223.05936,1810,18432,0,70.9826173389133,0.20054977685712,0.000540771130447109,,,0,0,,,1.87516560348482,0.00189624258809421,0.00190850498160279,,0,68.9641150530352,72.2814536933299,1.99987121379313,0.00357918339047247,0.00357876289558097,2.71140405557763E-6,0.0035760514915254,1.33538793945312,7.9999970703125,,317.44,7.05443022750602,44.9986731404991,1.23462531943915,998.9870568,0.99973338842392,71.5151863098145,9.89999989542412E-6,2,1,7,70.3041853373003,70.5944007714272,,,,,,,,,,,,,,,,
,3945730593.0358,1810,18432,0,74.1306122556195,0.198724901600138,0.000596636460291976,,,0,0,,,1.95209160050061,0.00187898798809177,0.00189258099727095,,0,71.987291075059,75.4796667436238,2.08694562166306,0.0036947288177487,0.0036944914680397,3.226337111917E-6,0.00369126513092778,1.35689221191406,7.9999970703125,,338.944,7.08574450938331,47.8346346740491,1.37316300572611,998.9870568,0.99973338842392,74.694522857666,9.89999989542412E-6,2,1,7,73.4192885619171,73.7308927660241,,,,,,,,,,,,,,,,
,3945730986.06121,1810,18432,0,77.4740200302613,0.196886849807028,0.000659707422293544,,,0,0,,,2.03347785063279,0.00186160880101991,0.00187666857753544,,0,75.2047517936879,78.8765245269564,2.17245069549649,0.00381573196329231,0.00381616398539687,3.82979650537384E-6,0.0038123341888915,1.379146484375,7.9999970703125,,360.448,7.09929131233792,50.7723917982594,1.52903649788579,998.9870568,0.99973338842392,78.0648803710937,9.89999989542412E-6,2,1,7,76.7265517651245,77.0601579246639,,,,,,,,,,,,,,,,
,3945731402.936,1810,18432,0,81.0223529660327,0.195004899769524,0.000731542177982583,,,0,0,,,2.12278509471233,0.00184381454631814,0.0018605777602541,,0,78.6205825767967,82.4846365491552,2.27100456418687,0.00394946478902351,0.00394960673702066,4.58150552944519E-6,0.00394502523149121,1.40315124511719,7.9999970703125,,382.976,7.11475442212139,53.8284215136422,1.64112179608657,998.9870568,0.99973338842392,81.6352157592773,9.89999989542412E-6,2,1,7,80.234243687042,80.5902839139979,,,,,,,,,,,,,,,,
,3945731844.45771,1810,18432,0,84.778421493568,0.193350288788618,0.000812951181212468,,,0,0,,,2.21358883176903,0.00182816983278172,0.0018468431822755,,0,82.2404126581293,86.3011363810612,2.36911696784759,0.0040884479390915,0.00408815144231382,5.4718335119162E-6,0.0040826796088019,1.42765600585938,7.9999970703125,,406.528,7.15535168573,56.8145379647438,1.80794248000381,998.9870568,0.99973338842392,85.4224815368652,9.89999989542412E-6,2,1,7,83.9549785152007,84.3349282659619,,,,,,,,,,,,,,,,
,3945732310.91988,1810,18432,0,88.7479534934082,0.191930484370075,0.000905442679053542,,,0,0,,,2.30863861475708,0.00181474526733269,0.00183561354010442,,0,86.0663554392859,90.3337472054929,2.47494118330076,0.0042384821021612,0.00423776830045602,6.55737732061014E-6,0.00423121092313541,1.4536611328125,7.9999970703125,,431.104,7.20155579107879,59.862620315189,1.92829072089701,998.9870568,0.99973338842392,89.4157257080078,9.89999989542412E-6,2,1,7,87.881420011689,88.2849079639606,,,,,,,,,,,,,,,,
,3945732802.76314,1810,18432,0,92.9320766685698,0.190749756340367,0.00101033826901259,,,0,0,,,2.40775902724133,0.00180358122212668,0.00182697751111372,,0,90.1066464066748,94.5842146732118,2.58798552374554,0.00439829143422127,0.00439892159495096,7.88621834076338E-6,0.00439103537661019,1.48116650390625,7.9999970703125,,454.656,7.22033052152063,62.9688625257349,2.06918402987438,998.9870568,0.99973338842392,93.6207427978515,9.89999989542412E-6,2,1,7,92.0230503570645,92.4516705810578,,,,,,,,,,,,,,,,
,3945733320.18794,1810,18432,0,97.3369466282994,0.189708653565918,0.00112862942833566,,,0,0,,,2.51054977293722,0.00179373736465433,0.00181994816472246,,0,94.3645556673293,99.0592676601146,2.70131695671768,0.00456887659503388,0.00456907045170148,9.45372842235162E-6,0.00455961672327913,1.50967211914062,7.9999970703125,,479.232,7.27151297645126,65.9054039444046,2.254023039589,998.9870568,0.99973338842392,98.0393676757814,9.89999989542412E-6,2,1,7,96.3812640764367,96.8341088696072,,,,,,,,,,,,,,,,
,3945733863.49327,1810,18432,0,101.955871107052,0.188504275123275,0.00126149764558074,,,0,0,,,2.62447543762634,0.00178234969955237,0.00181168440277262,,0,98.8400343827664,103.755805464355,2.8206160254548,0.00475410492365438,0.0047547212158075,1.13274856815242E-5,0.00474339373012597,1.54017797851562,7.9999970703125,,502.784,7.29152048764542,68.954616647091,2.37807410042703,998.9870568,0.99973338842392,102.671047210694,9.89999989542412E-6,2,1,7,100.954114314246,101.431039615532,,,,,,,,,,,,,,,,
,3945734431.51003,1810,18432,0,106.78620186907,0.187550278481996,0.00141152724215739,,,0,0,,,2.74324178323777,0.0017733294498745,0.0018062659160034,,0,103.519577523102,108.668998079819,2.95280209549595,0.00495537054821812,0.00495502413241878,1.36236877531799E-5,0.0049414004446656,1.57243444824219,7.9999970703125,,527.36,7.34616133066316,71.7871519917183,2.55778737122028,998.9870568,0.99973338842392,107.513767242432,9.89999989542412E-6,2,1,7,105.735179627956,106.235832325464,,,,,,,,,,,,,,,,
,3945735025.50032,1810,18432,0,111.835614654275,0.186409397938645,0.00158040161464555,,,0,0,,,2.87057377868469,0.00176254217148339,0.00179957529614666,,0,108.416301652632,113.804996768246,3.09582581730277,0.00516544131184538,0.00516581365788735,1.64213315079766E-5,0.00514939232637937,1.60569091796875,7.9999970703125,,550.912,7.37685447978975,74.6811532624542,2.66786674267839,998.9870568,0.99973338842392,112.573684692382,9.89999989542412E-6,2,1,7,110.735762210619,111.261819971664,,,,,,,,,,,,,,,,
,3945735645.00644,1810,18432,0,117.108233742609,0.185559441763845,0.00177020367127459,,,0,0,,,2.99668124699082,0.00175450564747461,0.00179617790894158,,0,113.536111033773,119.166506713482,3.23964370587227,0.00538210474759121,0.00538257265598443,1.9747687360873E-5,0.00536282496862356,1.63919750976562,7.9999970703125,,574.464,7.42640803497799,77.3542198724209,2.83238454843229,998.9870568,0.99973338842392,117.841541290283,9.89999989542412E-6,2,1,7,115.956474254829,116.506178086664,,,,,,,,,,,,,,,,
,3945736289.65676,1810,18432,0,122.590529942908,0.18487468912142,0.00198139314569291,,,0,0,,,3.12592329172524,0.00174803115947854,0.00179480723681776,,0,118.873394792573,124.741675144845,3.37984299868306,0.0056098645759228,0.00561042974572565,2.36152184379544E-5,0.00558681452728769,1.67370422363281,7.9999970703125,,596.992,7.47414078046238,79.8743317172395,3.0609155602481,998.9870568,0.99973338842392,123.31904220581,9.89999989542412E-6,2,1,7,121.391040217364,121.963849745829,,,,,,,,,,,,,,,,
,3945736959.74785,1810,18432,0,128.281212430232,0.184030352870193,0.00221744424452937,,,0,0,,,3.26802914986352,0.00174004777309268,0.00179262574151813,,0,124.421644463389,130.531928492328,3.53830611248024,0.00585765942134018,0.00585835317807696,2.83405556516895E-5,0.00583001262242527,1.71046142578125,7.9999970703125,,617.472,7.50249825089724,82.3021851322865,3.13314778479664,998.9870568,0.99973338842392,128.999664306641,9.89999989542412E-6,2,1,7,127.026218470266,127.62127534072,,,,,,,,,,,,,,,,
,3945737650.3037,1810,18432,0,134.151958427982,0.183426887449653,0.00247874460621376,,,0,0,,,3.40981019852711,0.00173434187379524,0.00179337628054112,,0,130.148853555694,136.505400868988,3.69690924662018,0.0061150936266182,0.00611507273118572,3.38705268673631E-5,0.00608120220431836,1.74771862792969,7.9999970703125,,637.952,7.55303732173567,84.4629746716782,3.31984086760883,998.9870568,0.99973338842392,134.856002807617,9.89999989542412E-6,2,1,7,132.844216846501,133.461331181141,,,,,,,,,,,,,,,,
,3945738362.98686,1810,18432,0,140.212821643609,0.182855396534817,0.00276899504433999,,,0,0,,,3.5571854333837,0.00172893830053575,0.00179528832418383,,0,136.07230596056,142.671947813032,3.86702477727721,0.00638605592649945,0.00638617347551054,4.05169803228627E-5,0.00634565649518768,1.78622619628906,7.9999970703125,,656.384,7.58166248355113,86.575207142769,3.42343724524563,998.9870568,0.99973338842392,140.888275146484,9.89999989542412E-6,2,1,7,138.848624730857,139.486473644913,,,,,,,,,,,,,,,,
,3945739094.93356,1810,18432,0,146.438149773071,0.182405155160921,0.0030853444688876,,,0,0,,,3.70608062241888,0.00172468116855844,0.00179886690743395,,0,142.164524099957,149.006031840219,4.02651684278965,0.0066663903267384,0.00666674578795153,4.79994325836991E-5,0.00661874635536784,1.82523388671875,7.9999970703125,,674.816,7.62708926433698,88.4762163667507,3.56983901016568,998.9870568,0.99973338842392,147.081443786621,9.89999989542412E-6,2,1,7,145.020776910387,145.680204740623,,,,,,,,,,,,,,,,
,3945739846.24015,1810,18432,0,152.816900452598,0.182189074604636,0.00343298009340717,,,0,0,,,3.86025027119506,0.00172263807900875,0.0018056052085515,,0,148.419910206393,155.497040620331,4.19776432060183,0.00697026039368877,0.00697008799598212,5.68657695255868E-5,0.00691322222645654,1.86649194335938,7.9999970703125,,691.2,7.66931020889271,90.1254455972508,3.71807188657616,998.9870568,0.99973338842392,153.427207946778,9.89999989542412E-6,2,1,7,151.341119922037,152.019916507271,,,,,,,,,,,,,,,,
,3945740615.56238,1810,18432,0,159.337388124366,0.181854723702061,0.00380932324838755,,,0,0,,,4.02430274220737,0.00171947671712261,0.00181188358350434,,0,154.819737495278,162.136738423092,4.37013380445521,0.00729116731296722,0.00729156807365705,6.69945289319359E-5,0.00722457354472511,1.90925036621094,7.9999970703125,,706.56,7.6984240952687,91.7798228905365,3.80014630306936,998.9870568,0.99973338842392,159.918792724609,9.89999989542412E-6,2,1,7,157.801340706655,158.499504461872,,,,,,,,,,,,,,,,
,3945741400.93599,1810,18432,0,165.983667175814,0.181285870561288,0.00421868483580741,,,0,0,,,4.201352113223,0.00171409808460151,0.0018170125314839,,0,161.348102321336,168.9107630143,4.5625283031753,0.00763360042017276,0.00763390943890258,7.90535680609252E-5,0.00755485587084165,1.95375903320312,7.9999970703125,,719.872,7.71096288926995,93.3569529950305,3.86240141792271,998.9870568,0.99973338842392,166.539161682129,9.89999989542412E-6,2,1,7,164.387451360212,165.105035247103,,,,,,,,,,,,,,,,
,3945742200.08714,1810,18432,0,172.749249693347,0.181282680629153,0.00466288896884475,,,0,0,,,4.36515703318829,0.00171406792308618,0.00182858655668119,,0,167.995319830153,175.800229231554,4.74686332067739,0.00798275117930646,0.00798206746869044,9.27340871746394E-5,0.0078893333815158,1.99801782226562,7.9999970703125,,733.184,7.76256220755448,94.4512881695774,4.06592482278914,998.9870568,0.99973338842392,173.270263671875,9.89999989542412E-6,2,1,7,171.088589968121,171.825573584356,,,,,,,,,,,,,,,,
,3945743012.61987,1810,18432,0,179.613260822164,0.18101535168626,0.00513827404887156,,,0,0,,,4.54061998194692,0.00171154026868293,0.00183854877768618,,0,174.751354551885,182.792503956328,4.93749126032961,0.00834832002973357,0.00834815131774595,0.000108394620519619,0.00823975669722633,2.04352661132813,7.9999970703125,,744.448,7.77739695839877,95.7194295189053,4.12981224527783,998.9870568,0.99973338842392,180.110374450683,9.89999989542412E-6,2,1,7,177.89229700105,178.642167967518,,,,,,,,,,,,,,,,
,3945743837.5319,1810,18432,0,186.575393536679,0.180776432599821,0.00564924756700374,,,0,0,,,4.71817834485156,0.00170928123576894,0.00185000875493013,,0,181.61322096293,189.896449717767,5.13647941071363,0.00872934047138354,0.00872867124529711,0.000126446448060429,0.00860222479723668,2.0897861328125,7.9999970703125,,754.688,7.81604310351312,96.5562740641471,4.28768387121396,998.9870568,0.99973338842392,187.046966552734,9.89999989542412E-6,2,1,7,184.800611262757,185.556342468486,,,,,,,,,,,,,,,,
,3945744673.70187,1810,18432,0,193.641785823507,0.180842178041752,0.0061968714339797,,,0,0,,,4.88847009214066,0.00170990287349358,0.00186556699699582,,0,188.5778260839,197.093715871047,5.32924483096346,0.00912018630097533,0.00911976846969876,0.00014673471922599,0.00897303375047277,2.136294921875,7.9999970703125,,763.904,7.85987540277702,97.1903447388111,4.44889893026359,998.9870568,0.99973338842392,194.068145751953,9.89999989542412E-6,2,1,7,191.806290142716,192.573383203313,,,,,,,,,,,,,,,,
,3945745518.94118,1810,18432,0,200.774440316209,0.180624156892254,0.00677370746549589,,,0,0,,,5.0712576929054,0.00170784143520498,0.00187928129295668,,0,195.622101079754,204.3595520038,5.52434991617082,0.00953048037590746,0.00953031971403976,0.000169452147785002,0.00936086756625476,2.18405419921875,7.9999970703125,,771.072,7.86331745620467,98.059375612716,4.44213651043903,998.9870568,0.99973338842392,201.162811279297,9.89999989542412E-6,2,1,7,198.882698156402,199.660941386656,,,,,,,,,,,,,,,,
,3945746371.80548,1810,18432,0,207.974702246084,0.180439471061911,0.00738670043635289,,,0,0,,,5.25709697772701,0.0017060951897471,0.00189477890998176,,0,202.731268782628,211.702879768395,5.73096770589501,0.00996064340437768,0.00996103648112598,0.000195445588442914,0.00976559089268307,2.23306420898437,7.9999970703125,,777.216,7.88662587208853,98.5486078083957,4.57393866541166,998.9870568,0.99973338842392,208.317695617676,9.89999989542412E-6,2,1,7,206.021440040638,206.809556464523,,,,,,,,,,,,,,,,
,3945747231.78367,1810,18432,0,215.246799404458,0.180198191596896,0.00803558216188061,,,0,0,,,5.44331442210957,0.00170381383893054,0.00191124709996343,,0,209.909504342763,219.121173636232,5.94386470857896,0.0104027532867323,0.010403518903446,0.000224897809718069,0.010178621093728,2.28232373046875,7.9999970703125,,783.36,7.92309363274997,98.8704710950272,4.69523003173334,998.9870568,0.99973338842392,215.52864074707,9.89999989542412E-6,2,1,7,213.229736939913,214.026348877262,,,,,,,,,,,,,,,,
,3945748097.13039,1810,18432,0,222.545591320705,0.180391792281988,0.00871005337055697,,,0,0,,,5.61652289999619,0.00170564437631587,0.00193238173804002,,0,217.144022433278,226.553479578752,6.12523951401744,0.0108529416108958,0.0108532662832362,0.000255805656944668,0.0105974606262915,2.33133325195312,7.9999970703125,,787.456,7.9479623252535,99.0764635984713,4.74702430809557,998.9870568,0.99973338842392,222.775917053223,9.89999989542412E-6,2,1,7,220.470913238571,221.273045446622,,,,,,,,,,,,,,,,
,3945748966.53187,1810,18432,0,229.863559423072,0.180867960490357,0.00942141953438593,,,0,0,,,5.79211486705891,0.00171014665225931,0.00195801565632371,,0,224.397914136467,234.009660410848,6.3230706215171,0.0113415362827192,0.0113410515929267,0.000291123661903942,0.0110499279310227,2.38334350585937,7.9999970703125,,789.504,7.98211734198015,98.909094689423,4.82328832132185,998.9870568,0.99973338842392,230.052947998047,9.89999989542412E-6,2,1,7,227.739677582094,228.542783474243,,,,,,,,,,,,,,,,
,3945749838.47995,1810,18432,0,237.218677119509,0.180048233526428,0.010147496424496,,,0,0,,,6.01086642992989,0.00170239595213902,0.00197211542312112,,0,231.690172928792,241.538737321121,6.55006550957688,0.0118547707056053,0.0118541223927857,0.000331198742982806,0.0115229236498029,2.43685375976562,7.9999970703125,,790.528,7.94644166673686,99.4820113396269,4.81639336622736,998.9870568,0.99973338842392,237.34211730957,9.89999989542412E-6,2,1,7,235.030525782763,235.832126443935,,,,,,,,,,,,,,,,
,3945750711.59109,1810,18432,0,244.588349130932,0.179630942462785,0.0109059479981019,,,0,0,,,6.20864883543156,0.00169845037264793,0.00199175195876019,,0,238.981350989719,249.061405677136,6.76804359020903,0.0123667354904543,0.012366088479225,0.000374939859554863,0.0119911486196701,2.4891142578125,7.9999970703125,,793.6,7.9954294644119,99.2567070389849,4.95358967012289,998.9870568,0.99973338842392,244.650276184082,9.89999989542412E-6,2,1,7,242.337193244482,243.141465779024,,,,,,,,,,,,,,,,
,3945751587.6861,1810,18432,0,251.961362787377,0.179769578512682,0.0116939296670422,,,0,0,,,6.38569072354622,0.00169976120722565,0.00201799601272884,,0,246.307046413477,256.578728979624,6.96199885084252,0.0128864610971432,0.0128862984186358,0.000421566125264715,0.0124647322933711,2.54112426757812,7.9999970703125,,793.6,8.02196283336806,98.9284064866208,5.06349957153723,998.9870568,0.99973338842392,251.971244812011,9.89999989542412E-6,2,1,7,249.656521275564,250.456161004035,,,,,,,,,,,,,,,,
,3945752463.91792,1810,18432,0,259.343177390042,0.179430672591317,0.0124989490821258,,,0,0,,,6.58421601763681,0.00169655677662732,0.00204092847720901,,0,253.626620906509,264.11464486912,7.17434608855061,0.0134386602264981,0.0134379139704907,0.000473562459667559,0.0129643515108231,2.595134765625,7.9999970703125,,793.6,8.02248485599723,98.9219692208882,5.0284262820321,998.9870568,0.99973338842392,259.294578552246,9.89999989542412E-6,2,1,7,256.981261849518,257.776521610071,,,,,,,,,,,,,,,,
,3945753339.57267,1810,18432,0,266.720706919402,0.179040299339922,0.0133258842970556,,,0,0,,,6.78253892731422,0.00169286571101683,0.00206505908074499,,0,260.951299947152,271.654396083584,7.39250065507781,0.0140054007884572,0.0140063436023566,0.000530874930241145,0.0134754686721155,2.64964575195313,7.9999970703125,,792.576,8.03723806193547,98.612980465722,5.10122374920264,998.9870568,0.99973338842392,266.61636352539,9.89999989542412E-6,2,1,7,264.303724148079,265.093744274095,,,,,,,,,,,,,,,,
,3945754214.69816,1810,18432,0,274.102256368198,0.178450026872396,0.0141708778503612,,,0,0,,,6.98110520903903,0.0016872845540141,0.00208903830800244,,0,268.272288051267,279.194335678554,7.61620724442042,0.0145833845896828,0.0145837962138779,0.000593860268985292,0.0139899359448926,2.70390625,7.9999970703125,,791.552,8.06317207077873,98.1688091301706,5.13789922385958,998.9870568,0.99973338842392,273.922882080078,9.89999989542412E-6,2,1,7,271.623411869609,272.40988287421,,,,,,,,,,,,,,,,
,3945755087.89803,1810,18432,0,281.476846579694,0.178520179792254,0.0150483206815345,,,0,0,,,7.14814562611546,0.00168794786541937,0.00212147412770083,,0,275.592446044816,286.709844771114,7.81772315581946,0.015164815663574,0.0151646060068418,0.000661087976263102,0.0145035180305787,2.75741650390625,7.9999970703125,,790.528,8.10803491337541,97.4993334939772,5.22726791509509,998.9870568,0.99973338842392,281.222854614258,9.89999989542412E-6,2,1,7,278.948956850742,279.728448837459,,,,,,,,,,,,,,,,
,3945755960.21379,1810,18432,0,288.843664589716,0.178510220743917,0.0159316402163447,,,0,0,,,7.32466832573016,0.00168785370041012,0.00215348099079532,,0,282.920955823714,294.220916418528,8.00982868909119,0.0157723195722192,0.0157735340033405,0.000731655563157304,0.0150418784401832,2.81242749023438,7.9999970703125,,788.48,8.13267029803901,96.9521659067038,5.2440171348985,998.9870568,0.99973338842392,288.508514404297,9.89999989542412E-6,2,1,7,286.262552095994,287.035045949472,,,,,,,,,,,,,,,,
,3945756830.1199,1810,18432,0,296.187670801686,0.178716603291899,0.0168360346341003,,,0,0,,,7.49924596668541,0.00168980509314192,0.00218957267334181,,0,290.227647865134,301.7185864859,8.21007390999841,0.0164189445461047,0.0164201440393232,0.000808836935204609,0.0156113071041186,2.8696884765625,7.9999970703125,,786.432,8.1873803271943,96.054167337002,5.49089483778,998.9870568,0.99973338842392,295.773452758789,9.89999989542412E-6,2,1,7,293.554859929389,294.313591047679,,,,,,,,,,,,,,,,
