# epsilon and Z* of atoms 1 5 9 13 17 21 25 29 33 37 41 45 49 53 57
   9.52071300    0.00000000    0.00000000    0.00000000    8.58148100    0.00000000    0.00000000    0.00000000    8.97872000 
   1.24213000    0.25142000    0.22234000    0.05411000    1.11730000   -0.13252000    0.26007000   -0.16872000    0.96998067 
   1.35657000    0.02434000   -0.15769000   -0.07165000    1.25921000    0.03280000   -0.15765000   -0.01498000    1.38872067 
   1.26788000   -0.01648000    0.03706000   -0.08607000    0.61811000   -0.02142000    0.08887000    0.05917000    1.37991067 
   1.33999000   -0.19715000   -0.26507000   -0.14161000    1.29971000   -0.14891000   -0.23264000   -0.19059000    0.97306067 
   0.97038000    0.48260000   -0.06599000    0.20791000    0.75452000   -0.00948000   -0.11672000   -0.15029000    0.60688067 
   1.35943000    0.04186000    0.27848000   -0.06781000    1.20838000   -0.08204000    0.22321000    0.06556000    1.12622067 
   0.83350000   -0.27582000   -0.03713000   -0.12545000    0.85593000    0.12943000    0.09296000    0.13668000    1.23166067 
   1.12994000   -0.02333000    0.05205000    0.11946000    1.30916000   -0.05661000   -0.01705000   -0.28430000    1.26315067 
   2.73000000    0.09339000    0.02602000    0.13012000    2.61311000   -0.00388000    0.15239000   -0.27227000    2.89573067 
  -2.32925000   -0.15238000    0.54823000   -0.07690000   -1.52233000    0.02999000    0.47951000   -0.07129000   -2.05687933 
  -2.20191000   -0.02417000    0.05781000    0.12075000   -1.78245000    0.23422000    0.00086000    0.18054000   -1.95455933 
  -1.79368000   -0.18500000    0.00929000   -0.03445000   -2.11581000    0.45964000   -0.02236000    0.58864000   -2.12575933 
  -2.31503000   -0.07960000   -0.61217000    0.01266000   -1.73656000    0.04240000   -0.48838000    0.02014000   -1.88467933 
  -2.08220000    0.06340000    0.07416000    0.02278000   -1.69077000    0.01214000   -0.00414000    0.16601000   -1.95104933 
  -1.50775000    0.13480000   -0.11646000   -0.05140000   -2.18751000    0.39574000   -0.02412000    0.22045000   -1.86238933 

