# epsilon and Z* of atoms 1 5 9 13 17 21 25 29 33 37 41 45 49 53 57
   8.86594200    0.00000000    0.00000000    0.00000000    8.21437100    0.00000000    0.00000000    0.00000000    8.52353300 
   1.22093933    0.23345000    0.21162000    0.06919000    1.10962000   -0.11951000    0.27532000   -0.17086000    0.99515867 
   1.32707933    0.02809000   -0.17147000   -0.06214000    1.28971000    0.04751000   -0.16125000   -0.00067000    1.37128867 
   1.26176933   -0.00677000    0.00733000   -0.07661000    0.64609000   -0.01740000    0.06420000    0.03640000    1.37262867 
   1.31604933   -0.17191000   -0.25123000   -0.12800000    1.31774000   -0.15437000   -0.24146000   -0.19170000    1.01813867 
   0.97679933    0.47480000    0.00309000    0.23632000    0.78207000   -0.01505000   -0.09147000   -0.16441000    0.61245867 
   1.28872933    0.02288000    0.36451000   -0.10012000    1.24040000   -0.04542000    0.29464000    0.10395000    1.02203867 
   0.85923933   -0.22474000   -0.09286000   -0.08488000    0.78339000    0.11607000    0.05781000    0.10973000    1.26105867 
   1.10558933   -0.04292000    0.03122000    0.09503000    1.31915000   -0.04211000   -0.04046000   -0.26644000    1.27711867 
   2.59119933    0.06813000    0.00260000    0.12801000    2.49805000    0.04630000    0.20476000   -0.28355000    2.72175867 
  -2.30420067   -0.13503000    0.56936000   -0.08714000   -1.45825000    0.05294000    0.56385000   -0.06307000   -2.06045133 
  -2.16049067   -0.00732000    0.05041000    0.10800000   -1.80094000    0.23065000   -0.02666000    0.17104000   -1.95293133 
  -1.72221067   -0.19281000    0.02839000   -0.03499000   -2.12526000    0.43972000   -0.00724000    0.64113000   -2.11345133 
  -2.29982067   -0.06569000   -0.60865000    0.04745000   -1.72925000    0.05165000   -0.50379000    0.01397000   -1.85959133 
  -2.01210067    0.05297000    0.05530000    0.02450000   -1.63958000    0.05335000    0.02807000    0.17265000   -1.89527133 
  -1.44857067    0.14742000   -0.07776000   -0.05159000   -2.23294000    0.47856000    0.00688000    0.25183000   -1.76995133 
