# epsilon and Z* of atoms 1 3 5 9 11 15 19 23 25 27 29
   9.59294300    0.00000000    0.00000000    0.00000000   10.60285200    0.00000000    0.00000000    0.00000000   10.08617200 
   2.93429000    0.00000000    0.00000000    0.00000000    3.32715933   -0.25656000    0.00000000   -0.34147000    3.25051867 
   0.49142000    0.00000000    0.00000000    0.00000000    0.70760933    0.03863000    0.00000000   -0.03988000    1.19444867 
   1.23125000    0.24676000    0.23799000    0.10537000    1.18157933   -0.36174000    0.30883000   -0.18353000    1.02430867 
   1.19962000    0.00000000    0.00000000    0.00000000    1.46656933    0.06652000    0.00000000    0.08313000    1.30982867 
   1.38739000    0.13367000   -0.26712000   -0.07346000    1.46296933   -0.15178000   -0.19008000   -0.14596000    1.30237867 
   1.03504000    0.37153000    0.18833000    0.30791000    0.76721933   -0.16408000    0.16401000    0.04626000    1.09840867 
  -2.18738000   -0.09742000    0.52236000   -0.15221000   -1.96457067    0.04582000    0.63719000   -0.01601000   -2.25160133 
  -1.89963000    0.00000000    0.00000000    0.00000000   -1.91495067   -0.20923000    0.00000000   -0.10319000   -1.88876133 
  -1.79778000    0.00000000    0.00000000    0.00000000   -2.43453067   -0.57661000    0.00000000   -0.61139000   -1.72900133 
  -1.66220000    0.00000000    0.00000000    0.00000000   -2.29113067    0.39375000    0.00000000    0.52271000   -2.33522133 
  -2.19832000    0.00000000    0.00000000    0.00000000   -1.75512067   -0.54656000    0.00000000   -0.25094000   -2.14880133 
