# epsilon and Z* of atoms 1 5 9 13 17 21 25 29 33 37 41 45 49 53 57
   9.40392200    0.00000000    0.00000000    0.00000000    8.49604300    0.00000000    0.00000000    0.00000000    8.88085600 
   1.24363067    0.25197000    0.23178000    0.06516000    1.11569067   -0.13403000    0.27653000   -0.17904000    0.97037067 
   1.35260067    0.02101000   -0.16046000   -0.08044000    1.27047067    0.03688000   -0.16106000   -0.00090000    1.39554067 
   1.26968067   -0.01187000    0.03208000   -0.07952000    0.62088067   -0.02954000    0.08170000    0.04370000    1.38908067 
   1.34905067   -0.20070000   -0.27750000   -0.14961000    1.30773067   -0.16584000   -0.24525000   -0.20714000    0.97586067 
   0.97042067    0.48392000   -0.05674000    0.22576000    0.73403067   -0.01134000   -0.12117000   -0.15406000    0.60268067 
   1.33374067    0.03120000    0.33307000   -0.07912000    1.24490067   -0.08077000    0.26204000    0.06786000    1.07945067 
   0.80783067   -0.25687000   -0.06670000   -0.10992000    0.80461067    0.12727000    0.07926000    0.14373000    1.22919067 
   1.13889067   -0.02393000    0.04227000    0.11474000    1.32230067   -0.05872000   -0.02231000   -0.27942000    1.27536067 
   2.71338067    0.07777000    0.01993000    0.11309000    2.61884067   -0.00404000    0.15917000   -0.27658000    2.87323067 
  -2.30570933   -0.15142000    0.54833000   -0.08192000   -1.50837933    0.02021000    0.48651000   -0.07327000   -2.05457933 
  -2.20686933   -0.01457000    0.04966000    0.12038000   -1.79840933    0.24605000   -0.01853000    0.19584000   -1.95508933 
  -1.78631933   -0.18486000    0.01059000   -0.02834000   -2.10831933    0.44401000   -0.01784000    0.58874000   -2.13312933 
  -2.29931933   -0.08664000   -0.60571000    0.01073000   -1.75961933    0.04970000   -0.47621000    0.02096000   -1.87544933 
  -2.07531933    0.05721000    0.06474000    0.02108000   -1.67187933    0.04405000    0.00614000    0.18578000   -1.94468933 
  -1.50568933    0.14669000   -0.09949000   -0.05024000   -2.19284933    0.39351000   -0.01026000    0.21834000   -1.82782933 
