# epsilon and Z* of atoms 1 5 9 13 17 21 25 29 33 37 41 45 49 53 57
   9.04263900    0.00000000    0.00000000    0.00000000    8.37522600    0.00000000    0.00000000    0.00000000    8.69640000 
   1.21966067    0.22930000    0.18642000    0.04876000    1.10979067   -0.11643000    0.24134000   -0.15056000    0.99076933 
   1.32663067    0.03629000   -0.16763000   -0.04392000    1.26152067    0.04162000   -0.15971000   -0.02396000    1.36030933 
   1.24936067   -0.01461000    0.01462000   -0.08828000    0.64609067   -0.00214000    0.07537000    0.06306000    1.35490933 
   1.29824067   -0.16308000   -0.22696000   -0.11527000    1.30367067   -0.12214000   -0.21644000   -0.16007000    1.01212933 
   0.97897067    0.47024000   -0.01118000    0.20381000    0.81388067   -0.01167000   -0.08491000   -0.15973000    0.62662933 
   1.33281067    0.04172000    0.26824000   -0.07730000    1.17321067   -0.05507000    0.22468000    0.09692000    1.10424933 
   0.91033067   -0.26241000   -0.04598000   -0.11305000    0.88519067    0.12029000    0.07972000    0.09770000    1.26300933 
   1.08900067   -0.04509000    0.04649000    0.10098000    1.29368067   -0.03953000   -0.03572000   -0.27608000    1.25472933 
   2.62391067    0.10210000    0.01755000    0.16664000    2.48338067    0.03733000    0.18757000   -0.27427000    2.76793933 
  -2.35160933   -0.14156000    0.57365000   -0.08720000   -1.48720933    0.07457000    0.55649000   -0.05002000   -2.06451067 
  -2.15269933   -0.02574000    0.06686000    0.11015000   -1.77601933    0.21280000    0.01505000    0.15118000   -1.94850067 
  -1.73644933   -0.19397000    0.02475000   -0.04334000   -2.13816933    0.47056000   -0.01352000    0.64157000   -2.09854067 
  -2.31478933   -0.05809000   -0.61994000    0.05159000   -1.69483933    0.04346000   -0.52943000    0.01012000   -1.88360067 
  -2.01950933    0.06359000    0.08101000    0.02904000   -1.66733933    0.00059000    0.01518000    0.14017000   -1.90530067 
  -1.45385933    0.13232000   -0.12420000   -0.04793000   -2.20683933    0.47989000   -0.02520000    0.25934000   -1.83422067 

