# epsilon and Z* of atoms 1 5 9 13 17 21 25 29 33 37 41 45 49 53 57
   9.91512700    0.00000000    0.00000000    0.00000000    8.79054200    0.00000000    0.00000000    0.00000000    9.29830000 
   1.22312000    0.28642000    0.24799000    0.05268000    1.14265867   -0.16008000    0.24755000   -0.18394000    0.91719067 
   1.39725000    0.02069000   -0.12609000   -0.09711000    1.22360867    0.01682000   -0.13802000   -0.02762000    1.43748067 
   1.32397000   -0.03838000    0.06468000   -0.10121000    0.58895867   -0.04681000    0.12959000    0.07502000    1.40681067 
   1.36160000   -0.22819000   -0.29177000   -0.17592000    1.29602867   -0.15911000   -0.23087000   -0.21581000    0.92291067 
   0.98737000    0.47216000   -0.17515000    0.18342000    0.71068867    0.00926000   -0.18411000   -0.10605000    0.61821067 
   1.40140000    0.07118000    0.24354000   -0.02510000    1.23369867   -0.13160000    0.18388000   -0.00174000    1.17859067 
   0.74388000   -0.31773000    0.01689000   -0.16126000    0.92112867    0.15908000    0.14071000    0.18708000    1.22368067 
   1.18739000    0.02890000    0.08707000    0.18224000    1.30347867   -0.07344000    0.04922000   -0.29773000    1.26030067 
   3.08195000    0.11935000    0.02793000    0.07919000    2.97129867   -0.03162000    0.09036000   -0.30795000    3.25174067 
  -2.36052000   -0.14824000    0.38592000   -0.04970000   -1.70877133   -0.01220000    0.31768000   -0.13072000   -2.12231933 
  -2.21409000   -0.04023000    0.05075000    0.14115000   -1.76694133    0.25215000   -0.00095000    0.17533000   -1.95588933 
  -1.95812000   -0.19562000   -0.01992000   -0.02056000   -2.11791133    0.39961000   -0.07152000    0.46083000   -2.24521933 
  -2.38022000   -0.02551000   -0.49002000   -0.00543000   -1.85420133    0.06844000   -0.42226000    0.10278000   -1.97265933 
  -2.11083000    0.06757000    0.05373000    0.02199000   -1.72970133   -0.02561000   -0.03196000    0.17046000   -1.97154933 
  -1.68415000    0.13514000   -0.11306000   -0.09335000   -2.21402133    0.27697000   -0.00860000    0.13763000   -1.94927933 

