# Tetrahedron method
       -1.1536548078        0.0000000000
       -1.0846139521        0.0000000000
       -1.0155730965        0.0000000000
       -0.9465322408        0.0000000000
       -0.8774913851        0.0000000000
       -0.8084505295        0.0000000000
       -0.7394096738        0.0000000000
       -0.6703688182        0.0000000000
       -0.6013279625        0.0000000000
       -0.5322871068        0.0000000000
       -0.4632462512        0.0000000000
       -0.3942053955        0.0000000000
       -0.3251645398        0.0000000000
       -0.2561236842        0.0000000000
       -0.1870828285        0.0000000000
       -0.1180419728        0.0000000000
       -0.0490011172        0.0000000000
        0.0200397385        0.0039292694
        0.0890805941        0.0828906818
        0.1581214498        0.4198910358
        0.2271623055        0.9573307921
        0.2962031611       14.0335724859
        0.3652440168       27.4100561327
        0.4342848725       18.0843253206
        0.5033257281       23.7451782848
        0.5723665838       43.6455047177
        0.6414074395       31.1783728687
        0.7104482951       25.7513989391
        0.7794891508       24.4614698242
        0.8485300065       28.2842259420
        0.9175708621       28.1485236645
        0.9866117178       30.6741091298
        1.0556525734       62.4318089761
        1.1246934291       55.5226585137
        1.1937342848       59.2411488691
        1.2627751404       36.6986458669
        1.3318159961       36.3048259029
        1.4008568518       77.7044761448
        1.4698977074       39.2262888506
        1.5389385631       59.0099022718
        1.6079794188       23.8519548504
        1.6770202744       32.6139670720
        1.7460611301       36.1930129276
        1.8151019857       42.8342595306
        1.8841428414       25.7401449741
        1.9531836971        2.9196031583
        2.0222245527       18.1296502624
        2.0912654084       42.2455445807
        2.1603062641       51.6248737515
        2.2293471197       53.8158920387
        2.2983879754       42.0668763965
        2.3674288311       52.9229433021
        2.4364696867       55.7469457631
        2.5055105424        9.1857960501
        2.5745513981       33.3044200466
        2.6435922537       10.5282869082
        2.7126331094       39.1479156537
        2.7816739650       26.9592776146
        2.8507148207        4.1245230970
        2.9197556764        0.0000000000
        2.9887965320       11.2204359244
        3.0578373877       10.2593868917
        3.1268782434       15.5660145084
        3.1959190990       24.5860758038
        3.2649599547       24.4049065285
        3.3340008104       29.1959256005
        3.4030416660        0.0000000000
        3.4720825217        0.0000000000
        3.5411233773       54.9917678307
        3.6101642330       14.6403990995
        3.6792050887        0.0000000000
        3.7482459443        0.0000000000
        3.8172868000        8.3011751285
        3.8863276557       20.5490874904
        3.9553685113       17.4225744821
        4.0244093670        4.4129915502
        4.0934502227        0.0000000000
        4.1624910783        0.0000000000
        4.2315319340        0.0000000000
        4.3005727897        0.0000000000
        4.3696136453        0.0000000000
        4.4386545010        0.0000000000
        4.5076953566        0.0000000000
        4.5767362123        0.0000000000
        4.6457770680        0.0000000000
        4.7148179236        0.0000000000
        4.7838587793       20.7401769416
        4.8528996350       30.7299069459
        4.9219404906        3.3386382012
        4.9909813463        0.0000000000
        5.0600222020       24.3105300738
        5.1290630576       16.4234805173
        5.1981039133        0.5748106065
        5.2671447689        0.0000000000
        5.3361856246        0.0000000000
        5.4052264803        0.8235465168
        5.4742673359        7.5418132085
        5.5433081916       32.8348547029
        5.6123490473       33.5768319049
        5.6813899029        0.0000000000
        5.7504307586        1.7143239610
        5.8194716143        9.1695751689
        5.8885124699       27.0199093294
        5.9575533256       22.4968459735
        6.0265941813       19.2499888651
        6.0956350369       11.7134218526
        6.1646758926       14.3549518558
        6.2337167482       19.2567500796
        6.3027576039        0.4956523696
        6.3717984596        7.5726136818
        6.4408393152       17.7746332290
        6.5098801709       15.3055107024
        6.5789210266        0.0000000000
        6.6479618822        0.0000000000
        6.7170027379       19.1238714332
        6.7860435936       36.2830398162
        6.8550844492        6.8646006347
        6.9241253049       19.9596340771
        6.9931661605       20.9898904232
        7.0622070162       13.9189797604
        7.1312478719       29.0596669509
        7.2002887275       18.5151939638
        7.2693295832        0.0000000000
        7.3383704389       25.6320432013
        7.4074112945       17.4634947273
        7.4764521502        4.3865291531
        7.5454930059       19.3031394192
        7.6145338615       19.8133271157
        7.6835747172       28.7193651891
        7.7526155728       50.0984510985
        7.8216564285        5.0663031558
        7.8906972842        0.0000000000
        7.9597381398       33.0678256922
        8.0287789955        2.1232928406
        8.0978198512        0.0000000000
        8.1668607068        0.0000000000
        8.2359015625        0.0000000000
        8.3049424182        0.0000000000
        8.3739832738       22.7374713837
        8.4430241295       18.0473827550
        8.5120649852        9.6981298937
        8.5811058408        0.0000000000
        8.6501466965        0.0000000000
        8.7191875521        0.0000000000
        8.7882284078        0.0000000000
        8.8572692635        0.0000000000
        8.9263101191        0.0000000000
        8.9953509748        0.0000000000
        9.0643918305        0.0000000000
        9.1334326861        0.0000000000
        9.2024735418        0.0000000000
        9.2715143975        0.0000000000
        9.3405552531        0.0000000000
        9.4095961088        0.0000000000
        9.4786369644        0.0000000000
        9.5476778201        0.0000000000
        9.6167186758        0.0000000000
        9.6857595314        0.0000000000
        9.7548003871        0.0000000000
        9.8238412428        0.0000000000
        9.8928820984       27.2590058412
        9.9619229541       11.4717265604
       10.0309638098        5.3954269845
       10.1000046654        2.6067273908
       10.1690455211        1.1142721553
       10.2380863768        0.0000000000
       10.3071272324        0.0000000000
       10.3761680881        0.0000000000
       10.4452089437        0.0000000000
       10.5142497994       18.7699686284
       10.5832906551       33.0101277376
       10.6523315107       16.5760475160
       10.7213723664        1.2658128705
       10.7904132221       44.1666105864
       10.8594540777       28.4622420643
       10.9284949334        0.0066745139
       10.9975357891        0.1686965050
       11.0665766447        0.7351386175
       11.1356175004        1.9635700662
       11.2046583560        3.7712735854
       11.2736992117        7.2972688790
       11.3427400674       15.2043956447
       11.4117809230       33.2277397190
       11.4808217787        4.1635089271
       11.5498626344        0.0000000000
       11.6189034900        0.0000000000
       11.6879443457        0.0000000000
       11.7569852014        0.0000000000
       11.8260260570        0.0000000000
       11.8950669127        0.0000000000
       11.9641077684        0.0000000000
       12.0331486240        0.0000000000
       12.1021894797        0.0000000000
       12.1712303353        0.0000000000
       12.2402711910        0.0000000000
       12.3093120467        0.0000000000
       12.3783529023        0.0000000000
       12.4473937580        0.0000000000
       12.5164346137        0.0000000000
       12.5854754693        0.0000000000
       12.6545163250        0.0000000000
