# epsilon and Z* of atoms 1 5 9 13 17 21 25 29 33 37 41 45 49 53 57
   9.68443500    0.00000000    0.00000000    0.00000000    8.59828200    0.00000000    0.00000000    0.00000000    9.06797700 
   1.23538067    0.29584000    0.26744000    0.07204000    1.13954067   -0.15885000    0.27272000   -0.19472000    0.89856067 
   1.40258067    0.00639000   -0.13324000   -0.11734000    1.25105067    0.01428000   -0.13642000   -0.01174000    1.44745067 
   1.32868067   -0.03117000    0.06500000   -0.08514000    0.58248067   -0.05615000    0.12145000    0.04997000    1.42433067 
   1.37960067   -0.24311000   -0.31344000   -0.19509000    1.30613067   -0.19459000   -0.24768000   -0.25191000    0.90570067 
   0.98442067    0.49440000   -0.17448000    0.22161000    0.67679067    0.00806000   -0.19542000   -0.10697000    0.59077067 
   1.39990067    0.05892000    0.29333000   -0.04320000    1.28591067   -0.14092000    0.20765000   -0.00331000    1.16797067 
   0.69551067   -0.28795000   -0.01915000   -0.14155000    0.83459067    0.15932000    0.12312000    0.20497000    1.20154067 
   1.18904067    0.04341000    0.07163000    0.17276000    1.32936067   -0.07595000    0.04700000   -0.29471000    1.28442067 
   3.05272067    0.14184000    0.00093000    0.07266000    2.94847067   -0.05127000    0.10040000   -0.34043000    3.21701067 
  -2.32780933   -0.14633000    0.39409000   -0.06688000   -1.68312933   -0.02692000    0.33056000   -0.12959000   -2.11670933 
  -2.25146933   -0.03038000    0.03524000    0.14071000   -1.79473933    0.28916000   -0.03460000    0.22375000   -1.95162933 
  -1.92848933   -0.21290000   -0.00595000   -0.02879000   -2.08785933    0.39086000   -0.07453000    0.46068000   -2.24030933 
  -2.35615933   -0.02297000   -0.49504000   -0.01051000   -1.88649933    0.07166000   -0.40453000    0.09034000   -1.93156933 
  -2.10422933    0.03647000    0.03821000    0.00233000   -1.69243933    0.02872000   -0.05068000    0.20791000   -1.95459933 
  -1.69967933    0.16200000   -0.08990000   -0.09951000   -2.20965933    0.26334000    0.01642000    0.10545000   -1.94293933 

