# epsilon and Z* of atoms 1 5 9 13 17 21 25 29 33 37 41 45 49 53 57
   8.95517800    0.00000000    0.00000000    0.00000000    8.29494000    0.00000000    0.00000000    0.00000000    8.61009000 
   1.22140067    0.23118000    0.19757000    0.05793000    1.11047933   -0.11743000    0.25728000   -0.15946000    0.99298000 
   1.32619067    0.03229000   -0.16937000   -0.05243000    1.27514933    0.04331000   -0.16014000   -0.01309000    1.36607000 
   1.25416067   -0.01037000    0.01084000   -0.08169000    0.64508933   -0.00930000    0.06919000    0.05011000    1.36210000 
   1.30638067   -0.16836000   -0.23979000   -0.12234000    1.30973933   -0.13900000   -0.22902000   -0.17641000    1.01247000 
   0.97771067    0.47384000   -0.00669000    0.21978000    0.79836933   -0.01404000   -0.08895000   -0.16266000    0.61865000 
   1.31333067    0.03353000    0.31166000   -0.08799000    1.20349933   -0.05249000    0.25452000    0.09889000    1.06822000 
   0.88782067   -0.24543000   -0.06798000   -0.10083000    0.83663933    0.11886000    0.06984000    0.10326000    1.26049000 
   1.09466067   -0.04269000    0.03918000    0.09857000    1.30602933   -0.04085000   -0.03752000   -0.27196000    1.26473000 
   2.60858067    0.08811000    0.00904000    0.15003000    2.48835933    0.04127000    0.19590000   -0.28017000    2.74797000 
  -2.32788933   -0.13845000    0.57218000   -0.08794000   -1.47316067    0.06339000    0.56195000   -0.05633000   -2.06224000 
  -2.15861933   -0.01778000    0.05933000    0.10892000   -1.78656067    0.22325000   -0.00484000    0.16373000   -1.94805000 
  -1.72844933   -0.19497000    0.02755000   -0.04045000   -2.13110067    0.45867000   -0.01177000    0.64242000   -2.10430000 
  -2.30756933   -0.06154000   -0.61567000    0.04992000   -1.70995067    0.04668000   -0.51731000    0.01056000   -1.87015000 
  -2.01540933    0.05653000    0.07003000    0.02589000   -1.65393067    0.02506000    0.01907000    0.15717000   -1.90016000 
  -1.45229933    0.14022000   -0.10438000   -0.04908000   -2.21865067    0.47857000   -0.01047000    0.25387000   -1.80878000 
