# epsilon and Z* of atoms 1 5 9 13 17 21 25 29 33 37 41 45 49 53 57
   9.62309000    0.00000000    0.00000000    0.00000000    8.66725500    0.00000000    0.00000000    0.00000000    9.07347100 
   1.23703067    0.24967000    0.21328000    0.04568000    1.11716000   -0.13200000    0.24576000   -0.16123000    0.97054000 
   1.35722067    0.02797000   -0.15602000   -0.06430000    1.24676000    0.03213000   -0.15710000   -0.02402000    1.38277000 
   1.26505067   -0.02074000    0.04036000   -0.09365000    0.62116000   -0.01585000    0.09566000    0.07135000    1.37306000 
   1.33264067   -0.19154000   -0.25269000   -0.13355000    1.29367000   -0.13189000   -0.22122000   -0.17356000    0.97576000 
   0.97154067    0.47648000   -0.06841000    0.19127000    0.77111000   -0.00779000   -0.11133000   -0.14748000    0.61572000 
   1.37027067    0.04890000    0.24420000   -0.05918000    1.18060000   -0.08029000    0.20221000    0.06547000    1.14849000 
   0.85580067   -0.29243000   -0.01561000   -0.13767000    0.90200000    0.12938000    0.10274000    0.12938000    1.23814000 
   1.12760067   -0.02702000    0.05868000    0.12252000    1.29692000   -0.05497000   -0.01583000   -0.28736000    1.25362000 
   2.74316067    0.09913000    0.03518000    0.14233000    2.61546000   -0.00212000    0.14728000   -0.26641000    2.91119000 
  -2.34793933   -0.15470000    0.54730000   -0.07342000   -1.53527000    0.03944000    0.47187000   -0.06959000   -2.05819000 
  -2.19064933   -0.02948000    0.06440000    0.12172000   -1.77106000    0.22176000    0.01696000    0.16350000   -1.95616000 
  -1.80351933   -0.18245000    0.00574000   -0.03655000   -2.12513000    0.46834000   -0.02224000    0.58848000   -2.12502000 
  -2.32488933   -0.07532000   -0.61512000    0.01516000   -1.72062000    0.03872000   -0.49872000    0.02204000   -1.89737000 
  -2.08747933    0.07302000    0.08132000    0.02651000   -1.70909000   -0.01268000   -0.00417000    0.14833000   -1.95669000 
  -1.50583933    0.12470000   -0.12881000   -0.05128000   -2.18367000    0.40072000   -0.03635000    0.22980000   -1.87586000 
