# epsilon and Z* of atoms 1 3 5 9 11 15 19 23 25 27 29
   9.88175500    0.00000000    0.00000000    0.00000000   11.44295600    0.00000000    0.00000000    0.00000000   10.54598800 
   2.94926867    0.00000000    0.00000000    0.00000000    3.31392067   -0.24460000    0.00000000   -0.34950000    3.29645867 
   0.52253867    0.00000000    0.00000000    0.00000000    0.79742067    0.08240000    0.00000000    0.01243000    1.22708867 
   1.24537867    0.25175000    0.23439000    0.10491000    1.21168067   -0.35992000    0.30559000   -0.17253000    1.01098867 
   1.17637867    0.00000000    0.00000000    0.00000000    1.48453067    0.07744000    0.00000000    0.09503000    1.30538867 
   1.37733867    0.14254000   -0.26005000   -0.06878000    1.43810067   -0.16109000   -0.18588000   -0.16010000    1.29466867 
   1.06590867    0.37708000    0.15362000    0.32704000    0.79229067   -0.21997000    0.14092000    0.02288000    1.18513867 
  -2.18895133   -0.07196000    0.52786000   -0.14324000   -1.96204933    0.04873000    0.64227000   -0.00328000   -2.27677133 
  -1.92566133    0.00000000    0.00000000    0.00000000   -1.95384933   -0.20372000    0.00000000   -0.09230000   -1.87203133 
  -1.80893133    0.00000000    0.00000000    0.00000000   -2.47266933   -0.58987000    0.00000000   -0.61538000   -1.76992133 
  -1.73223133    0.00000000    0.00000000    0.00000000   -2.32966933    0.36624000    0.00000000    0.50884000   -2.40513133 
  -2.18071133    0.00000000    0.00000000    0.00000000   -1.79972933   -0.53269000    0.00000000   -0.23411000   -2.20990133 
