# epsilon and Z* of atoms 1 5 9 13 17 21 25 29 33 37 41 45 49 53 57
   9.84745700    0.00000000    0.00000000    0.00000000    8.68807900    0.00000000    0.00000000    0.00000000    9.18120100 
   1.22750000    0.29204000    0.26031000    0.06358000    1.14080000   -0.15989000    0.26161000   -0.19089000    0.90878000 
   1.40348000    0.01409000   -0.13063000   -0.10696000    1.23630000    0.01585000   -0.13750000   -0.02054000    1.44162000 
   1.33317000   -0.03614000    0.06599000   -0.09402000    0.58299000   -0.05130000    0.12553000    0.06413000    1.41530000 
   1.37210000   -0.23688000   -0.30299000   -0.18388000    1.30256000   -0.17701000   -0.23939000   -0.23342000    0.91636000 
   0.98557000    0.48451000   -0.17528000    0.20162000    0.69230000    0.00885000   -0.18828000   -0.10627000    0.60591000 
   1.40148000    0.06542000    0.26924000   -0.03189000    1.26069000   -0.13515000    0.19645000   -0.00341000    1.17282000 
   0.71537000   -0.30102000   -0.00101000   -0.15089000    0.87522000    0.16062000    0.12944000    0.19891000    1.21133000 
   1.19244000    0.03697000    0.08208000    0.17881000    1.31695000   -0.07554000    0.04823000   -0.29529000    1.27020000 
   3.06568000    0.12697000    0.01449000    0.07065000    2.96084000   -0.03763000    0.09309000   -0.32100000    3.23554000 
  -2.34791000   -0.14602000    0.38893000   -0.05638000   -1.69520000   -0.01998000    0.32231000   -0.13079000   -2.12144000 
  -2.23347000   -0.03461000    0.04313000    0.14066000   -1.78021000    0.26723000   -0.01894000    0.19486000   -1.95175000 
  -1.94457000   -0.20213000   -0.01568000   -0.02325000   -2.10126000    0.39386000   -0.07435000    0.46122000   -2.24217000 
  -2.37168000   -0.02771000   -0.49333000   -0.01128000   -1.86968000    0.06989000   -0.41150000    0.09785000   -1.95491000 
  -2.10810000    0.05354000    0.04488000    0.01463000   -1.70888000   -0.00205000   -0.03908000    0.18628000   -1.96378000 
  -1.69106000    0.14703000   -0.10135000   -0.09782000   -2.21342000    0.27080000   -0.00060000    0.12417000   -1.94382000 
